1.32
1.34
1.37
1.38
1.39
1.41
1.39
1.41
1.42
1.42
1.4
1.4
1.43
1.45
1.45
1.42
1.41
1.42
1.42
1.43
1.41
1.42
1.45
1.44
1.43
1.44
1.42
1.42
1.41
1.41
1.41
1.39
1.38
1.39
1.39
1.39
1.36
1.36
1.41
1.4
1.4
1.4
1.4
1.4
1.39
1.38
1.36
1.36
1.34
1.35
1.38
1.37
1.38
1.38
1.41
1.38
1.4
1.4
1.39
1.39
1.42
1.4
1.42
1.39
1.38
1.39
1.4
1.4
1.38
1.39
1.39
1.38
1.34
1.32
1.33
1.34
1.34
1.29
1.32
1.28
1.3
1.29
1.24
1.25
1.25
1.31
1.3
1.3
1.3
1.29
1.23
1.23
1.21
1.28
1.27
1.26
1.28
1.27
1.25
1.22
1.21
1.21
1.14
1.13
1.2
1.22
1.16
1.18
1.2
1.22
1.22
1.18
1.17
1.15
1.12
1.15
1.15
1.16
1.14
1.11
1.08
1.03
1.05
1.05
1.1
1.11
1.11
1.13
1.16
1.15
1.15
1.15
1.13
1.14
1.12
1.13
1.12
1.1
1.1
1.12
1.11
1.09
1.08
1.07
1.09
1.09
1.11
1.11
1.11
1.12
1.13
1.14
1.12
1.11
1.11
1.1
1.11
1.18
1.18
1.18
1.18
1.18
1.2
1.22
1.23
1.24
1.23
1.23
1.23
1.23
1.22
1.19
1.19
1.21
1.18
1.19
1.19
1.22
1.18
1.18
1.2
1.18
1.2
1.18
1.15
1.17
1.14
1.12
1.11
1.1
1.11
1.11
1.14
1.13
1.13
1.11
1.14
1.12
1.11
1.15
1.15
1.15
1.13
1.1
1.07
1.06
1.09
1.08
1.08
1.13
1.17
1.16
1.19
1.2
1.22
1.24
1.24
1.23
1.24
1.26
1.28
1.27
1.27
1.27
1.27
1.27
1.27
1.27
1.27
1.28
1.28
1.28
1.28
1.33
1.32
1.34
1.34
1.31
1.31
1.27
1.28
1.26
1.25
1.27
1.28
1.26
1.29
1.3
1.31
1.32
1.31
1.32
1.31
1.32
1.35
1.35
1.35
1.35
1.34
1.34
1.35
1.37
1.34
1.36
1.35
1.32
1.33
1.33
1.33
1.34
1.35
1.36
1.36
1.37
1.35
1.34
1.33
1.34
1.3
1.3
1.27
1.3
1.3
1.3
1.28
1.28
1.27
1.26
1.25
1.26
1.26
1.25
1.25
1.24
1.27
1.26
1.27
1.28
1.26
1.28
1.29
1.28
1.28
1.26
1.27
1.27
1.26
1.26
1.26
1.25
1.27
1.29
1.31
1.3
1.32
1.32
1.34
1.33
1.33
1.34
1.36
1.34
1.33
1.33
1.34
1.33
1.35
1.35
1.33
1.32
1.32
1.33
1.34
1.34
1.34
1.34
1.35
1.35
1.37
1.36
1.39
1.42
1.44
1.48
1.49
1.49
1.49
1.49
1.49
1.49
1.48
1.51
1.52
1.51
1.53
1.55
1.59
1.64
1.65
1.66
1.66
1.62
1.58
1.56
1.56
1.55
1.58
1.55
1.56
1.54
1.55
1.57
1.56
1.56
1.55
1.53
1.55
1.53
1.57
1.6
1.61
1.61
1.62
1.62
1.65
1.64
1.62
1.61
1.61
1.59
1.59
1.58
1.56
1.56
1.56
1.52
1.51
1.55
1.57
1.58
1.57
1.59
1.59
1.57
1.58
1.6
1.61
1.61
1.57
1.61
1.62
1.63
1.64
1.63
1.63
1.64
1.63
1.62
1.63
1.63
1.62
1.61
1.62
1.61
1.59
1.57
1.58
1.59
1.59
1.59
1.58
1.59
1.54
1.55
1.59
1.59
1.58
1.55
1.5
1.54
1.56
1.55
1.54
1.59
1.61
1.58
1.58
1.58
1.59
1.62
1.59
1.58
1.58
1.6
1.59
1.6
1.56
1.57
1.57
1.62
1.67
1.72
1.72
1.69
1.7
1.7
1.7
1.68
1.69
1.71
1.71
1.71
1.71
1.72
1.69
1.67
1.72
1.69
1.6
1.64
1.65
1.72
1.73
1.73
1.75
1.76
1.78
1.78
1.76
1.72
1.73
1.72
1.75
1.74
1.76
1.72
1.72
1.73
1.72
1.72
1.75
1.76
1.75
1.78
1.77
1.78
1.79
1.79
1.8
1.82
1.86
1.89
1.9
1.88
1.87
1.86
1.87
1.88
1.9
1.89
1.92
1.92
1.94
1.91
1.92
1.85
1.86
1.86
1.84
1.86
1.85
1.86
1.85
1.87
1.87
1.85
1.85
1.86
1.85
1.85
1.89
1.96
2.01
1.99
1.99
2.01
2.03
2.06
2.14
2.14
2.16
2.18
2.17
2.1
2.17
2.16
2.15
2.18
2.18
2.21
2.24
2.19
2.17
2.16
2.25
2.26
2.29
2.32
2.32
2.27
2.26
2.24
2.26
2.24
2.26
2.24
2.26
2.26
2.26
2.28
2.27
2.27
2.25
2.23
2.17
2.2
2.21
2.2
2.16
2.19
2.18
2.18
2.17
2.17
2.19
2.2
2.2
2.22
2.22
2.22
2.24
2.27
2.31
2.32
2.32
2.29
2.28
2.29
2.29
2.29
2.27
2.3
2.28
2.28
2.3
2.34
2.35
2.38
2.4
2.39
2.38
2.36
2.38
2.39
2.41
2.43
2.4
2.43
2.42
2.43
2.44
1.27
1.27
1.29
1.27
1.28
1.26
1.26
1.27
1.27
1.28
1.28
1.27
1.27
1.26
1.24
1.25
1.23
1.24
1.27
1.28
1.26
1.18
1.24
1.2
1.21
1.21
1.22
1.24
1.23
1.2
1.22
1.22
1.21
1.22
1.21
1.24
1.23
1.25
1.23
1.24
1.25
1.26
1.26
1.26
1.27
1.29
1.28
1.34
1.34
1.33
1.33
1.35
1.37
1.36
1.4
1.39
1.35
1.34
1.32
1.33
1.33
1.32
1.33
1.34
1.36
1.38
1.36
1.38
1.37
1.38
1.38
1.38
1.32
1.36
1.36
1.41
1.41
1.4
1.42
1.43
1.39
1.38
1.38
1.41
1.43
1.44
1.44
1.44
1.46
1.44
1.43
1.46
1.46
1.44
1.46
1.5
1.48
1.48
1.5
1.53
1.57
1.6
1.56
1.51
1.52
1.53
1.54
1.53
1.53
1.53
1.53
1.54
1.48
1.45
1.51
1.52
1.57
1.58
1.59
1.58
1.56
1.52
1.51
1.53
1.54
1.52
1.5
1.51
1.52
1.54
1.51
1.54
1.53
1.5
1.54
1.53
1.54
1.55
1.54
1.54
1.53
1.52
1.53
1.53
1.52
1.52
1.5
1.51
1.52
1.52
1.54
1.57
1.54
1.55
1.57
1.58
1.59
1.6
1.62
1.62
1.65
1.65
1.64
1.66
1.64
1.64
1.65
1.63
1.59
1.6
1.61
1.63
1.62
1.62
1.62
1.6
1.53
1.47
1.5
1.5
1.5
1.48
1.47
1.45
1.47
1.48
1.53
1.57
1.55
1.52
1.54
1.52
1.53
1.52
1.54
1.51
1.55
1.6
1.62
1.66
1.66
1.69
1.72
1.77
1.8
1.78
1.71
1.73
1.75
1.75
1.74
1.74
1.77
1.77
1.74
1.76
1.75
1.73
1.76
1.77
1.77
1.77
1.76
1.74
1.73
1.71
1.66
1.67
1.67
1.64
1.61
1.6
1.61
1.61
1.59
1.59
1.62
1.62
1.64
1.7
1.68
1.67
1.67
1.67
1.64
1.58
1.54
1.5
1.55
1.62
1.59
1.63
1.61
1.59
1.6
1.62
1.65
1.65
1.61
1.58
1.59
1.58
1.54
1.51
1.51
1.5
1.48
1.48
1.48
1.53
1.57
1.57
1.54
1.56
1.57
1.56
1.56
1.56
1.59
1.65
1.67
1.65
1.6
1.63
1.63
1.65
1.63
1.67
1.64
1.64
1.65
1.66
1.67
1.65
1.63
1.63
1.62
1.64
1.65
1.66
1.64
1.64
1.66
1.68
1.69
1.71
1.75
1.8
1.79
1.8
1.82
1.81
1.76
1.77
1.79
1.74
1.76
1.77
1.76
1.75
1.75
1.78
1.78
1.79
1.76
1.78
1.78
1.81
1.83
1.86
1.86
1.87
1.86
1.84
1.89
1.88
1.9
1.88
1.88
1.86
1.85
1.87
1.88
1.9
1.9
1.89
1.9
1.88
1.89
1.89
1.91
1.91
1.97
2.04
2.03
1.96
1.97
1.93
1.88
1.89
1.93
1.93
2
1.96
1.94
1.93
1.93
1.94
1.94
1.95
1.96
1.95
1.91
1.91
1.91
1.89
1.9
1.86
1.87
1.88
1.89
1.9
1.94
1.95
1.9
1.88
1.9
1.89
1.89
1.9
1.87
1.88
1.88
1.88
1.88
1.86
1.89
1.89
1.87
1.84
1.82
1.8
1.76
1.74
1.79
1.8
1.79
1.81
1.78
1.78
1.78
1.78
1.79
1.8
1.78
1.77
1.75
1.75
1.74
1.72
1.72
1.67
1.65
1.68
1.69
1.72
1.72
1.73
1.73
1.72
1.76
1.77
1.75
1.74
1.76
1.78
1.76
1.76
1.76
1.79
1.76
1.74
1.76
1.76
1.77
1.77
1.77
1.76
1.77
1.76
1.75
1.74
1.71
1.72
1.71
1.66
1.63
1.62
1.59
1.6
1.59
1.57
1.56
1.56
1.56
1.54
1.55
1.61
1.6
1.6
1.6
1.57
1.59
1.66
1.71
1.7
1.68
1.64
1.6
1.65
1.65
1.63
1.59
1.58
1.57
1.55
1.55
1.58
1.6
1.59
1.6
1.6
1.6
1.62
1.62
1.64
1.66
1.66
1.64
1.65
1.63
1.61
1.6
1.57
1.57
1.57
1.55
1.55
1.54
1.51
1.48
1.48
1.46
1.48
1.48
1.47
1.46
1.46
1.43
1.43
1.45
1.44
1.45
1.39
1.41
1.44
1.45
1.46
1.49
1.47
1.48
1.47
1.48
1.49
1.47
1.45
1.42
1.44
1.43
1.45
1.45
1.45
1.41
1.36
1.36
1.4
1.38
1.36
1.36
1.35
1.33
1.36
1.37
1.37
1.39
1.44
1.47
1.49
1.48
1.4
1.4
1.39
1.38
1.38
1.36
1.34
1.33
1.33
1.32
1.32
1.31
1.34
1.35
1.34
1.35
1.34
1.33
1.33
1.33
1.32
1.34
1.32
1.34
1.33
1.33
1.36
1.37
1.37
1.37
1.39
1.39
1.42
1.5
1.48
1.46
1.44
1.48
1.52
1.64
1.6
1.53
1.52
1.52
1.52
1.53
1.51
1.46
1.45
1.4
1.41
1.43
1.42
1.42
1.44
1.48
1.44
1.43
1.45
1.42
1.4
1.37
1.38
1.4
1.41
1.44
1.44
1.38
1.43
1.37
1.35
1.36
1.4
1.48
1.5
1.57
1.56
1.5
1.44
1.43
1.44
1.45
1.48
1.46
1.43
1.47
1.47
1.52
1.54
1.56
1.58
1.54
1.55
1.57
1.58
1.58
1.56
1.57
1.57
1.54
1.53
1.54
1.54
1.53
1.53
1.52
1.51
1.49
1.46
1.43
1.47
1.49
1.5
1.53
1.56
1.59
1.59
1.61
1.64
1.69
1.72
1.75
1.77
1.8
1.83
1.85
1.84
1.73
1.77
1.76
1.76
1.74
1.72
1.73
1.73
1.75
1.72
1.67
1.68
1.71
1.72
1.75
1.77
1.79
1.77
1.82
1.85
1.95
1.94
1.93
1.95
1.96
1.94
1.94
1.98
1.98
1.9
1.86
1.83
1.82
1.89
1.91
1.88
1.85
1.78
1.77
1.75
1.76
1.78
1.78
1.79
1.79
1.81
1.8
1.79
1.8
1.8
1.78
1.76
1.73
1.7
1.73
1.72
1.72
1.69
1.69
1.69
1.73
1.76
1.76
1.77
1.76
1.76
1.75
1.79
1.77
1.76
1.79
1.8
1.84
1.85
1.88
1.84
1.81
1.84
1.84
1.84
1.83
1.84
1.88
1.88
1.92
1.93
1.92
1.92
1.9
1.9
1.93
1.95
2
2.01
1.97
1.96
1.95
1.95
1.97
1.97
1.95
1.98
1.95
1.9
1.88
1.87
1.82
1.77
1.81
1.81
1.86
1.87
1.85
1.81
1.8
1.82
1.88
1.9
1.93
1.82
1.88
1.9
1.98
1.98
1.99
1.98
1.99
2
1.97
1.95
1.88
1.9
1.89
1.87
1.86
1.85
1.85
1.83
1.82
1.76
1.77
1.76
1.73
1.74
1.73
1.72
1.75
1.77
1.76
1.8
1.84
1.79
1.79
1.81
1.77
1.77
1.71
1.68
1.7
1.78
1.72
1.73
1.7
1.71
1.7
1.69
1.68
1.67
1.72
1.72
1.7
1.7
1.69
1.7
1.68
1.67
1.66
1.73
1.73
1.73
1.78
1.81
1.87
1.84
1.78
1.8
1.78
1.8
1.78
1.74
1.7
1.73
1.81
1.75
1.67
1.71
1.69
1.71
1.72
1.72
1.76
1.79
1.82
1.82
1.79
1.82
1.79
1.77
1.72
1.7
1.63
1.65
1.65
1.7
1.69
1.61
1.58
1.6
1.6
1.59
1.58
1.54
1.56
1.48
1.54
1.57
1.58
1.57
1.54
1.54
1.63
1.57
1.57
1.54
1.49
1.53
1.5
1.49
1.56
1.6
1.59
1.61
1.61
1.62
1.59
1.56
1.54
1.54
1.56
1.55
1.54
1.51
1.57
1.52
1.52
1.51
1.54
1.59
1.63
1.63
1.62
1.62
1.65
1.67
1.66
1.76
1.74
1.72
1.7
1.71
1.7
1.71
1.72
1.71
1.67
1.73
1.69
1.67
1.67
1.64
1.63
1.66
1.69
1.67
1.65
1.67
1.68
1.67
1.63
1.63
1.63
1.63
1.65
1.66
1.62
1.65
1.63
1.64
1.66
1.65
1.64
1.64
1.62
1.63
1.66
1.71
1.71
1.68
1.68
1.62
1.63
1.61
1.59
1.54
1.56
1.57
1.56
1.52
1.53
1.58
1.61
1.67
1.63
1.64
1.61
1.57
1.55
1.54
1.51
1.52
1.52
1.53
1.52
1.52
1.52
1.52
1.62
1.63
1.65
1.67
1.67
1.68
1.71
1.78
1.78
1.82
1.85
1.79
1.72
1.74
1.77
1.79
1.79
1.79
1.79
1.78
1.73
1.71
1.76
1.8
1.77
1.9
1.93
1.91
1.84
1.84
1.88
1.86
1.88
1.86
1.87
1.83
1.77
1.8
1.8
1.82
1.84
1.85
1.92
1.94
1.96
1.98
1.96
1.98
1.98
1.99
1.98
1.96
1.94
1.98
1.92
1.95
1.92
1.93
1.89
1.87
1.87
1.9
1.93
1.94
1.98
1.98
1.98
1.95
1.94
1.91
1.91
1.95
1.98
1.92
1.94
1.94
1.9
1.9
1.82
1.86
1.85
1.82
1.81
1.8
1.83
1.86
1.87
1.86
1.86
1.87
1.87
1.85
1.85
1.86
1.84
1.82
1.85
1.83
1.81
1.84
1.83
1.84
1.85
1.91
1.98
1.95
1.94
1.89
1.91
1.93
1.93
1.92
1.92
1.92
1.91
1.94
1.92
1.88
1.88
1.89
1.81
1.85
1.86
1.87
1.87
1.87
1.93
1.9
1.91
1.93
1.94
1.91
1.93
1.97
1.98
2.03
2.05
2.04
2.01
2.06
2.08
2.06
2.03
2.07
2.06
2.05
2.02
2.02
2
2.07
2.14
2.15
2.19
2.18
2.14
2.13
2.13
2.09
2.09
2.04
2.06
2.03
2.08
2.08
2.18
2.24
2.25
2.26
2.29
2.21
2.18
2.17
2.14
2.16
2.2
2.22
2.25
2.27
2.2
2.22
2.24
2.26
2.26
2.26
2.23
2.24
2.24
2.24
2.25
2.29
2.23
2.23
2.2
2.19
2.1
2.15
2.13
2.09
2.09
2.11
2.11
2.06
2.09
2.09
2.11
2.13
2.11
2.12
2.09
2.14
2.06
2.08
2.07
2.08
2.06
1.98
1.96
1.98
2.01
1.97
1.94
1.93
1.93
1.92
1.88
1.91
1.93
1.94
2
2.02
2
2
2
2.04
2.01
1.96
1.98
1.97
2.04
2.09
2.13
2.07
2.06
2.06
2.06
2.02
2.01
1.98
1.94
1.97
1.9
1.86
1.8
1.78
1.78
1.8
1.79
1.78
1.79
1.87
1.9
1.9
1.95
1.93
1.93
1.91
1.91
1.88
1.87
1.87
1.87
1.82
1.82
1.82
1.82
1.84
1.89
1.89
1.91
1.92
1.9
1.89
1.89
1.92
1.81
1.84
1.84
1.84
1.83
1.81
1.89
1.84
1.86
1.88
1.88
1.88
1.9
1.92
1.92
1.92
1.92
1.89
1.86
1.83
1.81
1.81
1.77
1.71
1.69
1.7
1.72
1.75
1.75
1.7
1.72
1.72
1.75
1.71
1.69
1.71
1.72
1.75
1.67
1.63
1.64
1.68
1.72
1.66
1.71
1.75
1.78
1.78
1.76
1.8
1.76
1.75
1.71
1.66
1.66
1.63
1.62
1.64
1.66
1.65
1.63
1.63
1.63
1.62
1.61
1.61
1.56
1.53
1.55
1.54
1.54
1.54
1.58
1.56
1.54
1.54
1.57
1.58
1.6
1.58
1.58
1.58
1.58
1.59
1.66
1.66
1.69
1.7
1.68
1.68
1.71
1.69
1.72
1.74
1.74
1.72
1.7
1.7
1.7
1.72
1.7
1.73
1.78
1.8
1.77
1.8
1.8
1.86
1.87
1.86
1.86
1.85
1.86
1.87
1.87
1.85
1.83
1.83
1.83
1.83
1.83
1.79
1.8
1.74
1.7
1.69
1.67
1.65
1.65
1.64
1.61
1.69
1.62
1.67
1.62
1.61
1.63
1.64
1.65
1.62
1.55
1.54
1.5
1.47
1.45
1.45
1.39
1.38
1.35
1.3
1.32
1.43
1.46
1.48
1.57
1.58
1.57
1.57
1.56
1.53
1.51
1.51
1.48
1.46
1.47
1.51
1.52
1.52
1.52
1.53
1.52
1.52
1.51
1.5
1.47
1.47
1.42
1.41
1.34
1.32
1.34
1.35
1.34
1.32
1.28
1.31
1.39
1.43
1.42
1.43
1.4
1.44
1.4
1.38
1.37
1.38
1.37
1.39
1.39
1.39
1.39
1.39
1.41
1.41
1.38
1.38
1.35
1.34
1.32
1.35
1.34
1.34
1.43
1.44
1.44
1.47
1.43
1.43
1.41
1.4
1.42
1.41
1.45
1.44
1.44
1.45
1.44
1.43
1.43
1.44
1.45
1.46
1.45
1.45
1.48
1.48
1.52
1.5
1.5
1.51
1.5
1.52
1.55
1.57
1.53
1.54
1.5
1.48
1.45
1.48
1.5
1.49
1.48
1.47
1.46
1.44
1.46
1.46
1.47
1.47
1.45
1.46
1.46
1.46
1.47
1.49
1.49
1.53
1.51
1.53
1.52
1.49
1.48
1.49
1.52
1.52
1.51
1.54
1.55
1.58
1.62
1.64
1.68
1.74
1.75
1.73
1.75
1.75
1.72
1.76
1.78
1.77
1.74
1.75
1.76
1.76
1.75
1.75
1.75
1.75
1.77
1.81
1.83
1.81
1.79
1.79
1.81
1.81
1.81
1.8
1.9
1.87
1.86
1.89
1.92
2
1.94
1.91
1.94
1.98
1.98
1.96
1.99
2.02
2.03
2.02
2.02
2.02
2.02
2
1.99
1.96
1.97
2
2
1.97
2
1.95
1.9
1.93
1.94
1.97
1.98
1.99
2.01
1.99
2.01
2.04
2.07
2.03
1.97
2
2.01
2
2.01
2.02
2.02
2.02
2.03
2.02
2.01
1.99
2.02
1.99
1.98
2.02
2.03
2.02
2.03
2.07
2.12
2.12
2.16
2.2
2.19
2.21
2.2
2.23
2.24
2.26
2.25
2.24
2.21
2.24
2.25
2.25
2.26
2.27
2.3
2.27
2.23
2.23
2.21
2.24
2.26
2.25
2.24
2.21
2.2
2.18
2.16
2.18
2.14
2.12
2.09
2.05
2.09
2.11
2.16
2.2
2.22
2.21
2.16
2.11
2.12
2.12
2.15
2.17
2.15
2.14
2.09
2.06
2.07
2.11
2.09
2.06
2.07
2.09
2.06
2.06
2.06
2.05
2.06
2.07
2.05
2.05
2.05
2.04
2.05
2.06
2.02
2.05
2.07
2.08
2.08
2.12
2.11
2.11
2.11
2.06
2.11
2.08
1.99
1.96
1.99
1.94
1.97
1.97
2.08
2.02
2.14
2.31
2.26
2.25
2.26
2.32
2.33
2.3
2.31
2.29
2.26
2.28
2.29
2.3
2.33
2.35
2.34
2.35
2.35
2.36
2.34
2.35
2.33
2.33
2.31
2.3
2.17
2.15
2.12
2.12
2.14
2.15
2.15
2.06
2.11
2.12
2.11
2.11
2.08
2.06
2.09
2.08
2.08
2.07
2.04
1.93
1.84
1.86
1.86
1.86
1.86
1.86
1.86
1.87
1.86
1.87
1.9
1.91
1.93
1.95
1.96
1.9
1.84
1.84
1.77
1.77
1.8
1.75
1.67
1.63
1.62
1.63
1.65
1.71
1.77
1.86
1.86
1.9
1.87
1.87
1.85
1.85
1.87
1.89
1.94
1.93
2.01
2.04
2.03
2.03
2.03
2.05
2.04
2.03
2.03
2.03
2
2
2.01
2.03
2.03
2.03
2.03
2.02
2.02
1.99
2.03
2.06
2.06
2.02
2.04
2.03
2.04
2.04
2.03
2.05
2.07
2.08
2.11
2.11
2.09
2.09
2.07
2.06
2.06
2.07
2.06
2.06
2.08
2.09
2.09
2.08
2.11
2.11
2.09
2.08
2.06
2.05
2.07
2.1
2.11
2.12
2.13
2.14
2.14
2.15
2.17
2.19
2.24
2.25
2.25
2.25
2.24
2.26
2.25
2.24
2.24
2.26
2.26
2.27
2.3
2.25
2.27
2.31
2.29
2.26
2.3
2.31
2.32
2.32
2.32
2.33
2.33
2.34
2.32
2.32
2.32
2.3
2.32
2.3
2.26
2.22
2.23
2.24
2.22
2.16
2.17
2.2
2.2
2.23
2.23
2.25
2.29
2.36
2.34
2.37
2.38
2.42
2.46
2.45
2.47
2.4
2.39
2.4
2.37
2.34
2.31
2.32
2.29
2.34
2.38
2.43
2.42
2.44
2.45
2.47
2.45
2.45
2.47
2.47
2.48
2.58
2.49
2.5
2.54
2.56
2.62
2.56
2.54
2.51
2.54
2.54
2.54
2.51
2.45
2.51
2.48
2.49
2.56
2.57
2.57
2.6
2.58
2.6
2.63
2.65
2.67
2.67
2.66
2.68
2.71
2.71
2.78
2.84
2.8
2.78
2.75
2.73
2.68
2.67
2.69
2.7
2.71
2.71
2.73
2.74
2.76
2.77
2.75
2.76
2.78
2.78
2.79
2.75
2.69
2.68
2.72
2.72
2.74
2.75
2.81
2.81
2.8
2.76
2.84
2.78
2.73
2.7
2.7
2.71
2.64
2.67
2.66
2.63
2.63
2.61
2.58
2.53
2.54
2.53
2.5
2.54
2.59
2.65
2.72
2.72
2.68
2.7
2.73
2.8
2.87
2.9
2.9
2.88
2.88
2.89
2.84
2.85
2.83
2.83
2.84
2.86
2.92
2.91
2.91
2.9
2.89
2.9
2.88
2.89
2.88
2.89
2.87
2.87
2.91
2.88
2.81
2.85
2.87
2.83
2.81
2.81
2.8
2.77
2.76
2.81
2.8
2.81
2.86
2.94
2.94
2.93
2.94
2.9
2.89
2.93
2.88
2.87
2.8
2.79
2.78
2.77
2.74
2.72
2.67
2.66
2.65
2.66
2.69
2.71
2.7
2.65
2.65
2.65
2.66
2.67
2.75
2.88
2.84
2.8
2.8
2.8
2.8
2.78
2.76
2.72
2.71
2.72
2.73
2.72
2.67
2.71
2.72
2.73
2.76
2.74
2.74
2.76
2.75
2.76
2.75
2.73
2.69
2.6
2.58
2.56
2.63
2.65
2.67
2.67
2.63
2.62
2.65
2.61
2.65
2.69
2.7
2.71
2.71
2.74
2.72
2.74
2.74
2.75
2.72
2.71
2.65
2.61
2.59
2.63
2.6
2.61
2.58
2.61
2.6
2.62
2.67
2.66
2.65
2.63
2.63
2.64
2.66
2.61
2.56
2.55
2.55
2.6
2.63
2.64
2.6
2.51
2.48
2.38
2.4
2.28
2.31
2.4
2.35
2.4
2.43
2.42
2.35
2.35
2.36
2.38
2.27
2.39
2.29
2.32
2.37
2.41
2.46
2.45
2.41
2.43
2.43
2.43
2.48
2.53
2.52
2.52
2.52
2.52
2.52
2.52
2.58
2.57
2.63
2.65
2.66
2.67
2.64
2.63
2.53
2.54
2.54
2.59
2.61
2.59
2.57
2.62
2.63
2.53
2.6
2.59
2.65
2.6
2.59
2.59
2.57
2.58
2.6
2.6
2.61
2.68
2.72
2.8
2.78
2.79
2.81
2.83
2.86
2.86
2.88
2.9
2.89
2.87
2.88
2.87
2.87
2.9
2.96
2.96
2.94
2.99
2.98
3.02
3.05
3.13
3.17
3.25
3.26
3.21
3.17
3.2
3.21
3.15
3.17
3.08
2.99
2.99
3.08
3.04
3.02
3.06
3.15
3.12
3.03
2.94
2.84
2.8
2.88
2.86
2.93
2.91
2.87
2.84
2.8
2.62
2.65
2.65
2.68
2.83
2.76
2.82
2.84
2.88
2.91
2.82
2.74
2.72
2.69
2.71
2.81
2.89
2.71
2.65
2.65
2.6
2.59
2.63
2.66
2.63
2.67
2.6
2.72
2.83
2.87
2.84
2.81
2.91
2.89
2.89
2.81
2.71
2.65
2.66
2.61
2.63
2.68
2.68
2.67
2.65
2.69
2.7
2.62
2.62
2.54
2.53
2.56
2.53
2.48
2.4
2.41
2.41
2.47
2.47
2.41
2.44
2.44
2.44
2.47
2.45
2.45
2.53
2.54
2.54
2.55
2.61
2.57
2.54
2.51
2.52
2.54
2.5
2.49
2.52
2.58
2.61
2.62
2.56
2.57
2.57
2.54
2.54
2.54
2.54
2.56
2.55
2.48
2.5
2.45
2.43
2.35
2.38
2.34
2.31
2.35
2.37
2.36
2.38
2.46
2.51
2.56
2.53
2.53
2.52
2.49
2.47
2.49
2.49
2.48
2.52
2.58
2.57
2.57
2.57
2.6
2.63
2.67
2.62
2.61
2.58
2.57
2.56
2.57
2.56
2.51
2.52
2.53
2.54
2.54
2.55
2.56
2.59
2.69
2.68
2.71
2.72
2.76
2.73
2.68
2.68
2.7
2.67
2.71
2.7
2.67
2.62
2.56
2.53
2.47
2.47
2.49
2.49
2.48
2.48
2.45
2.47
2.51
2.46
2.44
2.48
2.48
2.42
2.39
2.33
2.35
2.37
2.41
2.39
2.37
2.35
2.33
2.33
2.32
2.23
2.24
2.23
2.35
2.41
2.36
2.37
2.32
2.26
2.24
2.22
2.21
2.17
2.16
2.13
2.09
1.96
1.97
1.9
1.98
2.02
2.04
2.04
2.03
2.05
2.06
2.05
2.01
2.02
1.95
1.91
1.93
1.93
1.86
1.96
1.96
1.97
1.94
1.97
1.93
1.87
1.75
1.71
1.71
1.72
1.74
1.82
1.84
1.89
1.97
2.05
2.14
2.07
2.03
2.07
2.17
2.18
2.19
2.06
2.06
2.12
2.09
2.15
2.18
2.25
2.32
2.32
2.4
2.41
2.38
2.39
2.37
2.31
2.27
2.27
2.14
2.07
2.08
2.09
2.15
2.16
2.16
2.15
2.2
2.19
2.13
2.07
2.01
1.89
1.88
1.92
1.99
2.04
2.05
1.96
1.92
1.96
1.97
1.99
1.97
1.88
1.9
1.92
1.92
1.95
2.05
2.08
2.07
2.1
2.1
2.11
2.12
2.17
2.15
2.11
2.16
2.15
2.16
2.18
2.21
2.21
2.22
2.26
2.38
2.45
2.44
2.39
2.36
2.4
2.4
2.45
2.43
2.44
2.45
2.45
2.45
2.59
2.54
2.52
2.56
2.65
2.7
2.69
2.65
2.64
2.62
2.68
2.76
2.86
2.79
2.78
2.78
2.77
2.72
2.69
2.68
2.72
2.78
2.75
2.72
2.76
2.78
2.7
2.77
2.77
2.76
2.79
2.72
2.73
2.66
2.68
2.65
2.67
2.78
2.67
2.68
2.76
2.76
2.77
2.84
2.79
2.88
2.86
2.85
2.87
2.88
2.86
2.83
2.83
2.83
2.9
2.84
2.79
2.79
2.8
2.83
2.79
2.87
2.84
2.81
2.75
2.7
2.73
2.68
2.72
2.76
2.76
2.8
2.78
2.76
2.78
2.81
2.83
2.85
2.77
2.76
2.7
2.65
2.6
2.67
2.7
2.7
2.66
2.68
2.69
2.69
2.75
2.78
2.76
2.8
2.83
2.81
2.77
2.77
2.78
2.79
2.83
2.81
2.88
2.88
2.93
2.96
2.91
2.89
2.9
2.9
2.82
2.83
2.75
2.75
2.79
2.81
2.88
2.83
2.81
2.8
2.85
2.88
2.89
2.9
2.94
2.92
2.85
2.87
2.87
2.82
2.74
2.73
2.78
2.79
2.79
2.77
2.79
2.83
2.84
2.83
2.86
2.84
2.81
2.79
2.78
2.78
2.77
2.71
2.66
2.66
2.7
2.8
2.79
2.79
2.81
2.8
2.82
2.8
2.76
2.7
2.68
2.77
2.78
2.77
2.85
2.86
2.88
2.92
2.89
2.89
2.96
3
3.09
3.17
3.13
3.1
3.05
3.05
3.08
3.04
3.03
3.01
3.02
2.99
3.05
3.06
3.03
2.97
2.97
3
3.05
3.02
3
2.96
2.87
2.9
2.88
2.88
2.91
2.9
2.92
2.89
2.87
2.78
2.81
2.8
2.8
2.84
2.86
2.89
2.91
2.89
2.91
2.89
2.89
2.86
2.81
2.85
2.87
2.91
2.94
2.93
2.95
3.01
3.06
3.09
3.11
3.11
3.13
3.19
3.14
3.16
3.16
3.17
3.22
3.26
3.26
3.25
3.3
3.34
3.36
3.37
3.38
3.39
3.4
3.39
3.39
3.33
3.33
3.35
3.36
3.39
3.44
3.42
3.4
3.42
3.47
3.51
3.54
3.58
3.67
3.68
3.65
3.72
3.75
3.78
3.73
3.68
3.71
3.75
3.78
3.81
3.82
3.77
3.73
3.72
3.63
3.55
3.56
3.57
3.55
3.49
3.5
3.42
3.45
3.49
3.51
3.55
3.6
3.6
3.57
3.5
3.43
3.43
3.45
3.5
3.58
3.66
3.73
3.75
3.77
3.73
3.74
3.73
3.71
3.71
3.69
3.65
3.65
3.67
3.67
3.71
3.78
3.81
3.81
3.8
3.76
3.75
3.76
3.77
3.81
3.79
3.75
3.75
3.75
3.75
3.76
3.75
3.76
3.76
3.74
3.71
3.72
3.72
3.75
3.76
3.81
3.8
3.8
3.81
3.79
3.81
3.86
3.85
3.87
3.87
3.85
3.84
3.86
3.82
3.83
3.84
3.81
3.82
3.84
3.82
3.84
3.94
3.92
3.93
3.9
3.89
3.9
3.92
3.93
3.9
3.93
3.89
3.94
3.91
3.88
3.9
3.92
3.89
3.86
3.82
3.84
3.82
3.84
3.74
3.74
3.72
3.6
3.6
3.59
3.64
3.66
3.65
3.66
3.7
3.68
3.71
3.8
3.84
3.85
3.9
3.87
3.85
3.82
3.82
3.79
3.69
3.76
3.71
3.62
3.63
3.53
3.55
3.58
3.57
3.58
3.56
3.52
3.54
3.56
3.48
3.47
3.51
3.51
3.51
3.48
3.48
3.41
3.4
3.45
3.48
3.48
3.48
3.48
3.54
3.6
3.6
3.62
3.68
3.67
3.59
3.56
3.49
3.43
3.44
3.41
3.41
3.42
3.44
3.47
3.52
3.56
3.59
3.63
3.6
3.64
3.68
3.63
3.64
3.6
3.57
3.61
3.6
3.55
3.54
3.48
3.44
3.44
3.48
3.51
3.48
3.49
3.5
3.57
3.52
3.55
3.6
3.61
3.6
3.62
3.68
3.64
3.59
3.56
3.56
3.57
3.58
3.54
3.49
3.53
3.57
3.53
3.48
3.32
3.35
3.38
3.4
3.37
3.25
3.26
3.29
3.28
3.34
3.3
3.3
3.31
3.28
3.2
3.09
3.13
3.13
3.13
3.25
3.22
3.21
3.18
3.2
3.15
3.17
3.2
3.22
3.25
3.26
3.29
3.32
3.33
3.33
3.32
3.36
3.4
3.48
3.48
3.46
3.44
3.48
3.48
3.47
3.48
3.44
3.46
3.46
3.48
3.46
3.47
3.5
3.48
3.45
3.41
3.43
3.45
3.5
3.53
3.62
3.65
3.65
3.59
3.64
3.63
3.54
3.52
3.47
3.5
3.48
3.46
3.51
3.54
3.58
3.58
3.56
3.56
3.63
3.63
3.65
3.71
3.7
3.72
3.77
3.71
3.69
3.67
3.67
3.62
3.63
3.6
3.59
3.58
3.55
3.54
3.51
3.52
3.53
3.55
3.56
3.57
3.58
3.54
3.58
3.59
3.6
3.6
3.59
3.6
3.63
3.62
3.61
3.61
3.67
3.66
3.62
3.59
3.58
3.57
3.52
3.48
3.45
3.43
3.48
3.43
3.45
3.46
3.46
3.45
3.43
3.36
3.36
3.36
3.38
3.39
3.37
3.36
3.33
3.29
3.29
3.31
3.31
3.31
3.33
3.31
3.32
3.31
3.33
3.38
3.36
3.34
3.22
3.23
3.22
3.23
3.25
3.25
3.26
3.33
3.39
3.39
3.4
3.36
3.39
3.4
3.44
3.42
3.41
3.41
3.41
3.41
3.42
3.44
3.45
3.45
3.49
3.49
3.48
3.5
3.48
3.49
3.45
3.45
3.43
3.38
3.36
3.38
3.41
3.36
3.25
3.29
3.25
3.21
3.17
3.22
3.26
3.27
3.27
3.2
3.17
3.18
3.2
3.22
3.24
3.28
3.33
3.41
3.44
3.49
3.46
3.43
3.45
3.47
3.5
3.58
3.6
3.59
3.48
3.48
3.44
3.42
3.43
3.34
3.35
3.39
3.45
3.46
3.43
3.43
3.41
3.4
3.4
3.38
3.38
3.43
3.45
3.46
3.48
3.49
3.48
3.41
3.42
3.38
3.33
3.31
3.31
3.32
3.33
3.33
3.31
3.34
3.36
3.32
3.27
3.2
3.19
3.2
3.16
3.13
3.15
3.14
3.19
3.19
3.17
3.17
3.21
3.17
3.17
3.19
3.19
3.17
3.17
3.15
3.15
3.16
3.14
3.13
3.17
3.17
3.13
3.13
3.14
3.1
3.06
3.06
3.09
3.06
3.08
3.07
3.08
3.02
2.98
3.02
3.03
2.99
2.97
2.9
2.91
2.94
2.96
2.98
3.01
2.98
3.02
3.05
3.06
3.09
3.09
3.09
3.13
3.14
3.28
3.41
3.3
3.29
3.32
3.32
3.4
3.48
3.5
3.49
3.52
3.5
3.44
3.41
3.41
3.44
3.42
3.44
3.42
3.52
3.62
3.67
3.74
3.75
3.67
3.69
3.68
3.62
3.56
3.51
3.48
3.49
3.53
3.55
3.6
3.68
3.7
3.64
3.64
3.63
3.64
3.64
3.67
3.63
3.57
3.54
3.47
3.44
3.51
3.49
3.41
3.47
3.52
3.54
3.55
3.52
3.49
3.51
3.57
3.63
3.71
3.72
3.7
3.68
3.68
3.63
3.72
3.71
3.64
3.63
3.65
3.67
3.71
3.75
3.79
3.79
3.88
3.94
3.94
3.9
3.9
3.93
3.9
3.9
3.9
3.89
3.92
3.89
3.81
3.74
3.8
3.84
3.87
3.86
3.82
3.79
3.79
3.81
3.84
3.9
3.91
3.96
4.06
4.07
4.09
4.09
4
3.98
3.98
3.86
3.8
3.76
3.8
3.78
3.79
3.75
3.71
3.74
3.7
3.64
3.64
3.67
3.67
3.74
3.78
3.9
3.81
3.81
3.71
3.68
3.67
3.67
3.59
3.6
3.58
3.55
3.48
3.4
3.53
3.51
3.75
3.74
3.71
3.56
3.53
3.56
3.57
3.6
3.55
3.55
3.52
3.56
3.54
3.6
3.59
3.58
3.59
3.6
3.59
3.55
3.59
3.67
3.67
3.7
3.7
3.65
3.6
3.62
3.59
3.59
3.6
3.56
3.49
3.54
3.52
3.57
3.68
3.74
3.7
3.69
3.73
3.72
3.79
3.82
3.81
3.83
3.85
3.81
3.81
3.87
3.9
3.83
3.86
3.86
3.86
3.83
3.91
3.91
3.94
3.97
3.95
3.92
3.86
3.84
3.83
3.78
3.79
3.74
3.73
3.72
3.77
3.77
3.79
3.78
3.76
3.81
3.79
3.76
3.79
3.75
3.69
3.67
3.68
3.67
3.75
3.7
3.73
3.8
3.81
3.79
3.79
3.77
3.78
3.81
3.79
3.77
3.79
3.81
3.83
3.85
3.92
3.86
3.79
3.77
3.72
3.75
3.71
3.71
3.73
3.69
3.71
3.69
3.59
3.62
3.6
3.6
3.6
3.6
3.6
3.6
3.61
3.57
3.49
3.49
3.52
3.5
3.49
3.47
3.38
3.44
3.44
3.41
3.45
3.41
3.43
3.44
3.56
3.54
3.57
3.6
3.6
3.58
3.56
3.55
3.48
3.51
3.51
3.53
3.52
3.52
3.54
3.49
3.49
3.54
3.51
3.48
3.46
3.4
3.4
3.4
3.42
3.43
3.42
3.41
3.43
3.48
3.5
3.47
3.47
3.46
3.49
3.54
3.54
3.44
3.4
3.43
3.43
3.4
3.43
3.44
3.47
3.5
3.49
3.49
3.49
3.5
3.5
3.52
3.54
3.59
3.6
3.63
3.7
3.71
3.69
3.75
3.78
3.77
3.75
3.74
3.67
3.67
3.67
3.67
3.64
3.57
3.57
3.58
3.58
3.61
3.61
3.57
3.56
3.56
3.56
3.57
3.56
3.56
3.51
3.56
3.52
3.49
3.49
3.53
3.53
3.53
3.55
3.56
3.56
3.54
3.47
3.49
3.48
3.47
3.48
3.45
3.37
3.33
3.34
3.35
3.34
3.3
3.31
3.28
3.25
3.19
3.17
3.14
3.14
3.17
3.16
3.18
3.16
3.18
3.21
3.18
3.17
3.12
3.18
3.21
3.29
3.27
3.28
3.29
3.27
3.26
3.29
3.31
3.33
3.43
3.44
3.44
3.48
3.43
3.4
3.39
3.39
3.41
3.41
3.45
3.46
3.43
3.44
3.46
3.47
3.47
3.43
3.42
3.36
3.41
3.43
3.45
3.44
3.43
3.38
3.35
3.4
3.38
3.41
3.51
3.48
3.44
3.48
3.48
3.52
3.51
3.45
3.48
3.48
3.52
3.6
3.62
3.62
3.6
3.63
3.6
3.6
3.59
3.56
3.48
3.46
3.5
3.48
3.52
3.62
3.6
3.59
3.54
3.54
3.46
3.46
3.44
3.43
3.3
3.33
3.38
3.27
3.24
3.17
3.18
3.12
3.11
3.15
3.13
3.13
3.11
2.98
3.02
2.98
2.89
2.84
2.78
2.86
2.9
2.87
3.02
3.02
3.02
3.05
2.97
2.94
2.95
3.06
3.02
3.01
2.96
2.89
2.83
2.84
2.83
2.82
2.9
2.93
3.01
3.05
3.05
3.05
2.98
2.91
2.85
2.86
2.9
2.95
2.98
2.83
2.83
2.95
3
2.98
2.99
3
2.98
2.98
3.02
3.11
3.17
3.2
3.1
3.13
3.06
3.03
3.08
3.18
3.21
3.17
3.16
3.2
3.2
3.19
3.17
3.21
3.25
3.17
3.15
3.16
3.2
3.32
3.38
3.4
3.35
3.36
3.38
3.36
3.35
3.36
3.41
3.4
3.42
3.47
3.48
3.48
3.58
3.64
3.67
3.7
3.7
3.61
3.57
3.62
3.66
3.69
3.75
3.67
3.7
3.69
3.66
3.67
3.67
3.67
3.64
3.63
3.71
3.75
3.71
3.67
3.65
3.61
3.6
3.54
3.48
3.44
3.36
3.36
3.36
3.4
3.4
3.36
3.34
3.4
3.35
3.37
3.4
3.44
3.51
3.56
3.6
3.67
3.68
3.63
3.6
3.58
3.53
3.5
3.55
3.59
3.65
3.67
3.71
3.72
3.75
3.8
3.76
3.79
3.71
3.71
3.67
3.62
3.65
3.61
3.58
3.55
3.56
3.56
3.6
3.64
3.6
3.63
3.64
3.71
3.68
3.68
3.68
3.68
3.69
3.75
3.81
3.8
3.86
3.91
4.02
4.06
4.02
3.98
3.98
3.98
3.94
3.9
3.9
3.9
3.9
3.81
3.76
3.7
3.61
3.73
3.75
3.72
3.71
3.7
3.64
3.66
3.65
3.56
3.62
3.63
3.62
3.68
3.68
3.75
3.73
3.71
3.69
3.71
3.75
3.7
3.65
3.63
3.63
3.62
3.56
3.54
3.52
3.52
3.53
3.56
3.56
3.52
3.52
3.49
3.49
3.48
3.49
3.55
3.52
3.52
3.5
3.54
3.56
3.6
3.68
3.67
3.67
3.72
3.85
3.91
4.08
4.08
4.06
4.05
4.07
4.07
4.07
4.07
4.06
4.06
4.08
4.06
4.3
4.22
4.28
4.25
4.24
4.22
4.17
4.17
4.16
4.12
4.09
4.1
4.08
4.06
3.94
3.91
3.95
4.16
4.35
4.37
4.31
4.28
4.27
4.3
4.34
4.33
4.43
4.58
4.62
4.57
4.55
4.51
4.56
4.54
4.47
4.42
4.41
4.42
4.42
4.39
4.39
4.4
4.44
4.43
4.43
4.39
4.43
4.32
4.32
4.27
4.29
4.3
4.32
4.44
4.42
4.36
4.36
4.43
4.42
4.34
4.32
4.36
4.4
4.42
4.43
4.41
4.47
4.33
4.17
4.18
4.17
4.17
4.11
4.11
4.17
4.17
4.14
4.09
4.05
3.98
3.97
4
3.98
3.96
3.98
4.02
4.02
3.92
3.96
3.95
3.92
3.88
3.88
3.91
3.94
3.96
3.97
3.97
3.97
3.99
4.03
4.04
4.06
4.06
4.09
4.08
4.02
3.99
3.96
3.97
3.97
3.89
3.82
3.83
3.78
3.71
3.7
3.69
3.67
3.67
3.66
3.65
3.65
3.67
3.65
3.71
3.71
3.73
3.68
3.68
3.57
3.6
3.52
3.48
3.48
3.44
3.43
3.4
3.4
3.41
3.45
3.44
3.44
3.49
3.53
3.48
3.48
3.54
3.52
3.48
3.45
3.42
3.37
3.36
3.31
3.17
3.17
3.22
3.26
3.17
3.19
3.31
3.31
3.31
3.36
3.35
3.37
3.39
3.45
3.44
3.4
3.37
3.31
3.29
3.28
3.3
3.3
3.33
3.44
3.49
3.62
3.64
3.62
3.6
3.53
3.51
3.52
3.58
3.62
3.6
3.54
3.57
3.54
3.56
3.62
3.59
3.59
3.52
3.57
3.6
3.59
3.56
3.52
3.45
3.43
3.42
3.44
3.46
3.37
3.4
3.36
3.28
3.33
3.33
3.34
3.27
3.22
3.13
3.11
3.09
3.12
3.26
3.38
3.34
3.34
3.32
3.29
3.3
3.05
3.13
3.21
3.2
3.19
3.19
3.2
3.18
3.09
3.1
3.06
3.09
3.09
3.03
3.07
3.07
3.05
3.01
2.97
2.95
3.01
3.06
3.05
3.06
3.07
3.09
3.08
3.1
3.09
3.12
3.21
3.19
3.2
3.1
3.11
3.09
3.11
3.13
3.2
3.13
3.11
3.11
3.1
3.09
3.13
3.06
2.99
3
2.99
2.92
2.94
2.99
3.03
3.09
3.05
3.03
2.99
2.99
2.94
2.77
2.83
2.85
2.87
2.88
2.85
2.85
2.82
2.71
2.63
2.65
2.61
2.63
2.64
2.63
2.57
2.56
2.52
2.4
2.43
2.46
2.49
2.41
2.44
2.46
2.49
2.48
2.5
2.46
2.45
2.35
2.28
2.27
2.3
2.35
2.43
2.45
2.43
2.45
2.42
2.42
2.43
2.46
2.45
2.45
2.42
2.34
2.41
2.44
2.47
2.51
2.48
2.43
2.44
2.46
2.55
2.52
2.5
2.53
2.44
2.44
2.43
2.44
2.36
2.36
2.38
2.38
2.37
2.35
2.34
2.31
2.36
2.39
2.53
2.52
2.48
2.59
2.63
2.59
2.57
2.56
2.51
2.55
2.67
2.62
2.67
2.75
2.72
2.72
2.78
2.77
2.81
2.81
2.84
2.8
2.73
2.68
2.7
2.74
2.65
2.62
2.62
2.59
2.31
2.24
2.27
2.23
2.23
2.25
2.27
2.31
2.44
2.52
2.62
2.6
2.58
2.61
2.63
2.65
2.64
2.64
2.53
2.54
2.53
2.52
2.53
2.52
2.52
2.66
2.72
2.75
2.85
3.02
2.97
3.01
3.03
2.95
2.88
2.83
2.85
2.85
2.74
2.71
2.67
2.67
2.63
2.63
2.62
2.66
2.67
2.62
2.62
2.57
2.51
2.49
2.52
2.53
2.47
2.49
2.55
2.52
2.57
2.52
2.55
2.64
2.66
2.73
2.68
2.69
2.73
2.73
2.85
3.04
3.14
3.2
3.12
3.16
3.15
3.13
3.1
3.08
2.98
3
2.98
2.92
2.89
2.76
2.9
2.89
2.89
2.84
2.8
2.82
2.89
3.04
3.02
3.04
3.07
3.08
3.13
3.14
3.09
3.05
3.04
3.02
2.99
3.05
3.04
2.99
3.04
3.02
3.04
3.02
3.02
2.96
2.99
2.93
2.88
2.86
2.82
2.72
2.71
2.71
2.81
2.85
3.04
3.04
3.04
2.99
2.93
2.94
2.88
2.89
2.86
2.77
2.7
2.69
2.73
2.69
2.74
2.89
2.95
2.98
3.01
3.09
3.14
3.14
3.11
3.06
3.06
3.1
3.17
3.15
3.13
3.15
3.2
3.34
3.33
3.33
3.28
3.22
3.21
3.15
3.17
3.15
3.11
3.09
3.04
3.13
3.16
3.23
3.24
3.19
3.21
3.21
3.21
3.19
3.16
3.12
3.15
3.11
3.15
3.15
3.25
3.31
3.26
3.24
3.21
3.17
3.19
3.21
3.19
3.15
3.16
3.22
3.2
3.15
3.15
3.14
3.14
3.08
3.04
3.06
3.1
3.05
3
3.05
3.06
3.04
3.09
3.08
3.07
3.02
3.04
3.03
3.01
3.04
3.04
2.92
2.86
2.79
2.86
2.86
2.74
2.77
2.75
2.63
2.61
2.58
2.58
2.73
2.76
2.76
2.75
2.74
2.71
2.67
2.7
2.74
2.75
2.75
2.77
2.85
2.85
2.89
2.85
2.86
2.88
2.98
3.04
3.08
3.08
3.13
3.14
3.16
3.1
3.04
3.01
3
3
3
3.04
3.1
3.07
3.04
2.96
2.96
2.98
2.97
2.98
2.95
2.98
2.93
2.86
2.82
2.86
2.84
2.75
2.75
2.72
2.71
2.83
2.82
2.9
3
2.95
2.98
3.02
3.05
3.03
2.97
2.97
3.04
3
3.05
3.05
3.04
3.08
3.04
3.08
3.11
3.09
3.15
3.2
3.22
3.31
3.34
3.3
3.25
3.31
3.3
3.3
3.26
3.31
3.31
3.32
3.36
3.35
3.37
3.29
3.29
3.28
3.18
3.37
3.4
3.37
3.41
3.43
3.43
3.48
3.5
3.48
3.48
3.44
3.36
3.41
3.42
3.43
3.43
3.43
3.43
3.34
3.38
3.31
3.4
3.32
3.26
3.29
3.16
3.13
3.14
3.16
3.23
3.22
3.23
3.16
3.11
3.14
3.16
3.29
3.24
3.16
3.17
3.12
3.17
3.16
3.23
3.23
3.19
3.18
3.39
3.37
3.43
3.38
3.46
3.48
3.5
3.5
3.43
3.45
3.5
3.5
3.67
3.68
3.58
3.58
3.56
3.59
3.54
3.58
3.47
3.5
3.22
3.28
3.22
3.22
3.29
3.29
3.3
3.31
3.38
3.46
3.45
3.34
3.31
3.28
3.27
3.24
3.24
3.28
3.34
3.3
3.3
3.24
3.18
3.18
3.18
3.13
3.13
3.01
2.93
2.93
2.89
2.88
2.81
2.86
2.87
2.94
3
3.02
3
2.93
2.82
2.79
2.76
2.77
2.78
2.75
2.77
2.75
2.71
2.73
2.7
2.61
2.54
2.51
2.61
2.64
2.6
2.64
2.63
2.6
2.71
2.68
2.62
2.61
2.63
2.68
2.6
2.59
2.57
2.46
2.47
2.44
2.41
2.43
2.44
2.41
2.45
2.54
2.72
2.78
2.74
2.63
2.55
2.77
2.78
2.78
2.7
2.68
2.73
2.71
2.75
2.79
2.79
2.79
2.78
2.85
2.81
2.77
2.77
2.77
2.79
2.72
2.72
2.63
2.63
2.65
2.74
2.8
2.46
2.47
2.46
2.42
2.44
2.47
2.53
2.5
2.52
2.54
2.49
2.47
2.47
2.45
2.41
2.25
2.23
2.19
2.17
2.24
2.2
2.2
2.15
2.13
2.29
2.3
2.28
2.3
2.34
2.27
2.22
2.22
2.2
2.22
2.21
2.28
2.34
2.39
2.41
2.41
2.39
2.39
2.38
2.37
2.32
2.3
2.24
2.24
2.21
2.21
2.22
2.26
2.22
2.22
2.21
2.17
2.17
2.14
2.19
2.16
2.14
2.14
2.13
2.05
2.06
2.11
2.21
2.22
2.15
2.11
2.21
2.17
2.19
2.22
2.22
2.22
2.21
2.22
2.2
2.14
2.18
2.14
2.1
2.14
2.15
2.15
2.19
2.18
2.3
2.32
2.39
2.41
2.41
2.4
2.46
2.42
2.4
2.41
2.41
2.38
2.38
2.39
2.49
2.42
2.34
2.35
2.32
2.3
2.28
2.29
2.25
2.29
2.3
2.37
2.35
2.36
2.35
2.32
2.32
2.28
2.22
2.26
2.25
2.25
2.23
2.23
2.2
2.11
2.14
2.15
2.14
2.15
2.16
2.2
2.24
2.27
2.29
2.36
2.35
2.3
2.27
2.27
2.21
2.19
2.29
2.29
2.32
2.36
2.39
2.36
2.35
2.35
2.37
2.37
2.36
2.36
2.36
2.28
2.26
2.24
2.23
2.23
2.24
2.25
2.26
2.34
2.36
2.35
2.35
2.35
2.44
2.5
2.52
2.5
2.48
2.5
2.5
2.5
2.49
2.5
2.53
2.58
2.55
2.49
2.45
2.45
2.43
2.42
2.41
2.43
2.41
2.42
2.42
2.41
2.44
2.42
2.41
2.4
2.4
2.39
2.42
2.46
2.49
2.56
2.54
2.58
2.7
2.65
2.65
2.63
2.63
2.61
2.62
2.64
2.65
2.68
2.7
2.73
2.76
2.68
2.6
2.67
2.73
2.69
2.66
2.58
2.62
2.6
2.6
2.6
2.58
2.59
2.6
2.58
2.6
2.6
2.66
2.61
2.61
2.62
2.63
2.62
2.61
2.6
2.57
2.58
2.59
2.61
2.68
2.6
2.56
2.45
2.42
2.44
2.49
2.47
2.51
2.47
2.62
2.61
2.55
2.58
2.56
2.63
2.64
2.63
2.59
2.57
2.58
2.62
2.64
2.67
2.66
2.68
2.66
2.59
2.54
2.52
2.52
2.5
2.55
2.52
2.52
2.54
2.56
2.58
2.61
2.65
2.63
2.59
2.64
2.74
2.78
2.75
2.69
2.73
2.79
2.78
2.83
2.79
2.8
2.88
2.89
2.88
2.89
2.89
2.88
2.88
2.96
2.91
2.9
2.92
2.94
2.97
3
3.08
3.11
3.1
3.08
3.06
3.04
2.9
2.88
2.88
2.99
3.04
3.05
3.01
3.01
3.04
3.05
2.88
2.93
2.98
3.03
3.09
3.13
3.08
3.14
3.13
3.15
3.14
3.17
3.25
3.29
3.32
3.41
3.32
3.33
3.4
3.33
3.35
3.42
3.49
3.54
3.57
3.61
3.62
3.61
3.56
3.49
3.49
3.55
3.55
3.49
3.53
3.64
3.69
3.69
3.86
3.78
3.78
3.69
3.66
3.79
3.76
3.71
3.76
3.65
3.8
3.75
3.85
3.75
3.88
3.82
3.8
3.86
3.83
3.79
3.77
3.74
3.6
3.57
3.57
3.63
3.68
3.61
3.61
3.58
3.75
3.88
3.87
3.86
3.81
3.85
3.95
4.03
4.03
3.98
3.87
3.87
3.79
3.78
3.76
3.73
3.76
3.8
3.8
3.75
3.74
3.66
3.65
3.72
3.72
3.8
3.86
3.93
4
4.01
4
3.96
3.9
3.86
3.84
3.86
3.84
3.79
3.75
3.75
3.69
3.79
3.77
3.79
3.8
3.72
3.73
3.66
3.62
3.63
3.6
3.59
3.63
3.65
3.7
3.79
3.69
3.71
3.72
3.69
3.58
3.41
3.24
3.24
3.34
3.38
3.38
3.34
3.31
3.34
3.32
3.26
3.16
3.08
3.27
3.32
3.36
3.34
3.27
3.39
3.38
3.42
3.43
3.45
3.38
3.29
3.32
3.3
3.37
3.46
3.47
3.52
3.63
3.63
3.65
3.65
3.66
3.68
3.7
3.65
3.59
3.64
3.64
3.42
3.41
3.44
3.45
3.45
3.37
3.26
3.3
3.35
2.97
2.91
2.84
2.73
2.77
2.82
2.74
2.73
2.74
2.74
2.74
2.78
2.77
2.74
2.77
2.76
2.78
2.77
2.73
2.73
2.7
2.72
2.71
2.72
2.72
2.77
2.83
2.93
2.95
2.94
2.89
2.88
2.87
2.84
2.85
2.81
2.73
2.82
2.78
2.75
2.73
2.83
2.89
2.92
2.91
2.88
2.91
2.88
2.85
2.96
2.98
2.99
2.94
2.94
2.88
2.91
2.87
2.92
2.95
2.92
2.94
3.07
2.97
2.95
2.97
2.96
2.95
2.92
2.95
2.96
3.04
3.04
3.01
3
3.07
3.08
3.12
3.17
3.25
3.27
3.3
3.3
3.24
3.22
3.08
3.07
3.15
3.14
3.17
3.2
3.28
3.41
3.42
3.48
3.43
3.4
3.37
3.42
3.42
3.49
3.54
3.53
3.51
3.45
3.42
3.35
3.41
3.39
3.38
3.38
3.33
3.37
3.33
3.33
3.37
3.46
3.46
3.44
3.44
3.41
3.42
3.37
3.43
3.47
3.53
3.53
3.53
3.54
3.53
3.52
3.55
3.57
3.56
3.68
3.73
3.74
3.66
3.52
3.52
3.47
3.43
3.47
3.49
3.45
3.59
3.52
3.49
3.44
3.37
3.37
3.48
3.55
3.58
3.6
3.73
3.9
4.07
4.19
4.19
4.15
4.1
4.01
4.01
3.99
3.91
3.77
3.78
3.8
3.9
3.98
3.98
3.83
3.9
3.9
3.9
3.91
3.86
3.92
3.98
3.95
4
4.04
3.98
4.01
4.02
4
4.06
4.09
4.08
4.05
4.13
4.11
4.01
3.95
3.89
3.89
3.83
3.82
3.93
4.03
4.3
4.42
4.45
4.37
4.42
4.66
4.61
4.55
4.64
4.64
4.66
4.79
4.82
4.78
4.81
4.8
4.79
4.72
4.73
4.75
4.84
4.85
4.85
4.91
4.9
4.85
4.92
4.81
4.78
4.85
4.92
4.85
4.85
4.79
4.63
4.59
4.58
4.55
4.52
4.49
4.56
4.77
4.86
4.99
5.1
5.12
5
4.94
4.92
5.02
5.04
5.12
5.28
5.43
5.35
5.4
5.41
5.44
5.46
5.43
5.47
5.31
5.24
5.22
5.15
5.04
5.18
5.07
4.99
4.79
3.75
3.44
3.94
3.71
3.57
3.11
3.26
3.3
3.52
3.69
3.76
3.78
3.83
4.1
4.01
4
3.95
4.11
4.27
4.29
4.23
4.17
4.22
4.15
4.26
4.35
4.45
4.52
4.44
4.21
4.14
4.18
4.08
3.96
4.13
4.25
4.41
4.38
4.32
4.45
4.45
4.55
4.52
4.62
4.59
4.58
4.61
4.58
4.5
4.46
4.51
4.6
4.65
4.77
4.89
4.84
4.52
4.47
4.47
4.44
4.45
4.6
4.65
4.61
4.35
4.22
4.31
4.35
4.29
4.22
4.26
4.33
4.34
4.28
4.33
4.34
4.41
4.32
4.35
4.45
4.48
4.48
4.59
4.56
4.59
4.61
4.72
4.77
4.78
4.78
4.76
4.84
4.9
4.84
4.84
4.76
4.81
4.82
4.87
4.71
4.72
4.82
4.81
4.87
4.98
5
4.87
4.84
4.81
4.74
4.65
4.61
4.7
4.59
4.64
4.59
4.68
4.77
4.83
4.86
4.9
4.99
4.85
4.67
4.59
4.62
4.65
4.58
4.58
4.69
4.71
4.76
4.71
4.76
4.68
4.65
4.67
4.66
4.62
4.61
4.48
4.47
4.39
4.45
4.52
4.68
4.76
4.65
4.55
4.58
4.49
4.51
4.48
4.52
4.5
4.63
4.73
4.7
4.76
4.78
4.72
4.83
4.78
4.79
4.81
4.91
4.92
4.91
4.92
4.93
4.95
5.1
5.06
4.95
4.92
4.94
4.93
5.06
4.96
4.99
5.01
4.98
4.97
4.96
4.8
4.8
4.8
4.81
4.75
4.67
4.65
4.63
4.57
4.64
4.65
4.63
4.62
4.66
4.68
4.72
4.68
4.72
4.72
4.7
4.57
4.43
4.41
4.41
4.32
4.29
4.14
4.14
4.12
4.12
4.14
4.21
4.27
4.23
4.27
4.26
4.16
4.05
4.13
4.17
4.21
4.22
4.25
4.2
4.29
4.27
4.2
4.23
4.2
4.19
4.2
4.22
4.22
4.17
4.21
4.2
4.28
4.3
4.34
4.34
4.32
4.39
4.48
4.5
4.5
4.42
4.43
4.42
4.42
4.42
4.41
4.6
4.78
4.77
4.75
4.68
4.65
4.67
4.64
4.6
4.59
4.64
4.58
4.52
4.58
4.55
4.58
4.51
4.55
4.54
4.51
4.59
4.7
4.64
4.66
4.79
4.76
4.8
4.82
4.76
4.7
4.65
4.8
4.81
4.79
4.76
4.72
4.75
4.68
4.69
4.66
4.65
4.7
4.76
4.8
4.76
4.77
4.78
4.77
4.81
4.78
4.78
4.87
4.95
4.99
5
5.03
5.06
5.06
5.09
5.08
5.04
5.11
4.61
4.52
4.49
4.54
4.52
4.53
4.57
4.58
4.67
4.63
4.65
4.64
4.62
4.64
4.64
4.6
4.51
4.51
4.48
4.44
4.47
4.48
4.53
4.5
4.51
4.45
4.44
4.43
4.42
4.41
4.35
4.34
4.37
4.38
4.43
4.39
4.39
4.39
4.41
4.41
4.33
4.31
4.31
4.28
4.29
4.32
4.3
4.3
4.28
4.31
4.38
4.4
4.37
4.34
4.36
4.4
4.49
4.5
4.45
4.45
4.43
4.46
4.49
4.59
4.59
4.6
4.54
4.57
4.59
4.59
4.57
4.59
4.63
4.53
4.47
4.45
4.43
4.44
4.49
4.62
4.74
4.72
4.8
4.79
4.87
4.84
4.75
4.71
4.72
4.77
4.8
4.84
4.75
4.71
4.65
4.7
4.7
4.67
4.61
4.55
4.54
4.47
4.47
4.49
4.47
4.43
4.44
4.46
4.51
4.51
4.52
4.47
4.42
4.4
4.41
4.4
4.43
4.43
4.49
4.54
4.52
4.52
4.53
4.55
4.52
4.57
4.59
4.49
4.38
4.34
4.41
4.48
4.51
4.52
4.58
4.6
4.62
4.63
4.8
4.85
4.86
4.88
4.86
4.82
4.8
4.8
4.79
4.77
4.76
4.76
4.8
5.02
4.91
4.96
4.93
4.91
4.9
4.98
4.98
4.91
4.9
4.85
4.84
4.82
4.78
4.75
4.75
4.7
4.72
4.7
4.72
4.71
4.68
4.64
4.65
4.68
4.65
4.68
4.69
4.68
4.7
4.7
4.69
4.65
4.61
4.62
4.45
4.49
4.5
4.45
4.49
4.44
4.38
4.39
4.37
4.29
4.24
4.28
4.38
4.34
4.24
4.17
4.11
4.08
4.2
4.18
4.21
4.3
4.25
4.29
4.29
4.4
4.39
4.4
4.46
4.45
4.52
4.52
4.53
4.49
4.58
4.63
4.57
4.55
4.55
4.59
4.59
4.6
4.63
4.61
4.59
4.56
4.54
4.56
4.41
4.26
4.3
4.33
4.37
4.43
4.51
4.56
4.58
4.55
4.52
4.49
4.5
4.5
4.42
4.4
4.39
4.22
4.26
4.24
4.2
4.25
4.29
4.24
4.22
4.21
4.2
4.26
4.27
4.28
4.25
4.23
4.25
4.32
4.29
4.26
4.26
4.27
4.3
4.33
4.31
4.37
4.43
4.45
4.55
4.63
4.67
4.65
4.78
4.8
4.83
4.8
4.8
4.77
4.72
4.64
4.64
4.67
4.68
4.73
4.71
4.69
4.67
4.74
4.76
4.74
4.72
4.72
4.71
4.63
4.69
4.67
4.71
4.65
4.64
4.64
4.64
4.63
4.64
4.65
4.59
4.63
4.68
4.69
4.74
4.82
4.84
4.78
4.75
4.74
4.85
4.85
4.86
4.98
5
5.03
4.93
5.13
5.2
5.15
5.08
5.11
5.11
5.18
5.21
5.24
5.24
5.23
5.23
5.22
5.18
5.17
5.19
5.24
5.23
5.19
5.14
5.1
5.11
5.09
5.11
5.08
5
4.98
5.04
4.97
4.91
4.53
4.06
4.04
4.05
4.07
4.1
4.18
4.14
4.09
4.14
4.12
4.2
4.21
4.08
4.15
4.1
4.1
4.09
4.09
4.04
3.97
3.88
3.81
3.73
3.8
3.8
3.83
3.71
3.67
3.52
3.52
3.63
3.69
3.66
3.63
3.69
3.64
3.58
3.47
3.52
3.41
3.35
3.3
3.41
3.48
3.41
3.4
3.33
3.35
3.38
3.44
3.38
3.41
3.38
3.33
3.33
3.33
3.24
3.31
3.32
3.28
3.27
3.26
3.23
3.28
3.24
3.24
3.29
3.33
3.38
3.42
3.36
3.29
3.27
3.09
3.03
3.04
3.08
3.1
3.04
3.02
3.17
3.31
3.34
3.39
3.34
3.29
3.17
3.14
3.16
3.19
3.15
3.24
3.18
3.18
3.13
3.12
3.22
3.39
3.38
3.42
3.38
3.37
3.42
3.37
3.32
3.09
3.15
3.19
3.17
3.14
3.22
3.33
3.36
3.45
3.5
3.54
3.6
3.54
3.63
3.59
3.54
3.5
3.6
3.68
3.77
3.7
3.66
3.65
3.65
3.66
3.68
3.66
3.6
3.54
3.49
3.56
3.51
3.57
3.61
3.6
3.62
3.44
3.6
3.51
3.51
3.38
3.46
3.65
3.69
3.79
3.87
3.93
3.93
3.9
3.96
4.02
3.94
3.83
3.78
3.86
3.94
3.98
4
4.03
4.08
4
3.93
3.92
4
3.97
4.22
4.31
4.34
4.38
4.47
4.33
4.32
4.32
4.38
4.3
4.33
4.32
4.21
4.11
3.98
3.96
3.9
3.81
3.87
3.86
3.84
3.78
3.75
3.79
3.83
3.85
3.75
3.8
3.75
3.7
3.73
3.7
3.7
3.94
3.93
4.01
3.93
3.89
3.87
3.83
3.79
3.77
3.76
3.78
3.87
3.92
3.99
3.95
4.03
4.09
4.15
4.12
4.08
4.02
3.95
3.97
3.97
3.93
3.82
3.72
3.68
3.67
3.78
3.78
3.9
4.11
4.25
4.2
4.12
4.1
4.12
4.14
4.17
4.11
4.08
4.12
4.1
4.04
3.93
3.91
3.97
3.86
3.88
3.97
4.01
3.92
3.95
3.95
3.87
3.85
3.79
3.74
3.75
3.75
3.81
3.86
3.81
3.82
3.87
3.94
4
3.96
3.89
3.96
3.9
3.94
3.97
3.93
3.95
3.97
3.9
3.92
3.92
3.95
3.91
3.89
3.83
3.82
3.79
3.75
3.63
3.65
3.75
3.77
3.86
3.82
3.8
3.84
3.81
3.8
3.77
3.72
3.73
3.74
3.72
3.7
3.69
3.68
3.62
3.68
3.66
3.67
3.66
3.66
3.62
3.65
3.66
3.56
3.59
3.57
3.54
3.56
3.56
3.56
3.62
3.69
3.6
3.61
3.59
3.63
3.63
3.71
3.82
3.91
3.93
3.94
3.92
3.86
3.82
3.86
3.83
3.84
3.86
3.8
3.9
3.88
3.87
3.9
3.89
3.86
3.86
3.86
3.61
3.55
3.48
3.43
3.37
3.33
3.28
3.2
3.14
3.21
3.32
3.49
3.38
3.37
3.31
3.2
3.19
3.17
3.14
3.25
3.26
3.26
3.22
3.18
3.14
3.15
3.34
3.38
3.49
3.42
3.44
3.53
3.51
3.5
3.51
3.53
3.51
3.51
3.47
3.36
3.44
3.64
3.81
3.84
3.9
3.77
3.79
3.79
3.77
3.84
3.77
3.74
3.77
3.77
3.77
3.86
3.89
3.96
3.84
4.03
3.98
4.1
4.05
4.09
4.14
4.25
4.22
4.1
4.16
4.04
4.07
3.97
3.95
4.11
4.08
4.12
4.03
4
3.97
3.9
3.86
3.84
3.96
3.93
3.89
4.01
4.01
4.02
4
3.97
4.04
4.1
4.04
4.07
4.04
3.99
3.98
4.05
4.04
3.99
3.88
3.88
3.93
3.99
4.01
4.36
4.33
4.54
4.43
4.6
4.6
4.59
4.51
4.52
4.54
4.55
4.47
4.55
4.33
4.54
4.51
4.49
4.65
4.62
4.57
4.58
4.49
4.54
4.61
4.69
4.81
4.75
4.82
4.83
4.83
4.89
4.96
5
4.99
4.94
4.84
4.83
4.83
4.76
4.6
4.59
4.59
4.56
4.34
4.39
4.41
4.31
4.35
4.34
4.21
4.16
4.28
4.35
4.26
4.21
4.16
4.1
4.06
4.24
4.35
4.33
4.36
4.47
4.55
4.45
4.37
4.34
4.26
4.26
4.39
4.45
4.47
4.5
4.5
4.49
4.45
4.4
4.36
4.29
4.28
4.25
4.19
4.07
4.06
4.05
3.92
3.95
3.94
3.88
3.88
3.81
3.79
3.87
3.92
3.93
3.92
3.92
3.97
4.02
4
3.88
3.92
4.01
4.01
4.3
4.24
4.2
4.24
4.25
4.25
4.2
4.12
4.19
4.22
4.34
4.23
4.23
4.17
4.03
3.99
4
3.97
3.96
3.95
4.03
4.14
4.18
4.19
4.16
4.27
4.35
4.31
4.36
4.26
4.24
4.25
4.26
4.23
4.26
4.3
4.39
4.37
4.46
4.47
4.46
4.4
4.35
4.38
4.32
4.31
4.32
4.34
4.36
4.37
4.33
4.4
4.39
4.42
4.62
4.61
4.42
4.33
4.33
4.33
4.4
4.42
4.39
4.34
4.31
4.34
4.31
4.33
4.44
4.44
4.42
4.43
4.42
4.38
4.43
4.45
4.37
4.43
4.44
4.54
4.6
4.64
4.65
4.59
4.54
4.53
4.63
4.62
4.61
4.57
4.45
4.51
4.47
4.59
4.65
4.59
4.58
4.57
4.63
4.76
4.82
4.85
4.77
4.71
4.61
4.7
4.68
4.55
4.56
4.59
4.54
4.56
4.52
4.62
4.61
4.74
4.73
4.81
4.84
4.78
4.8
4.86
4.87
4.84
4.79
4.72
4.74
4.71
4.72
4.74
4.74
4.78
4.85
4.87
4.87
4.86
4.92
4.92
4.83
4.83
4.77
4.75
4.81
4.87
4.88
4.95
4.99
4.97
5.03
5.03
5.08
5.03
5.1
5.53
5.47
5.48
5.48
5.49
5.64
5.67
5.64
5.6
5.63
5.61
5.56
5.64
5.71
5.72
5.75
5.69
5.65
5.57
5.63
5.7
5.66
5.68
5.72
5.76
5.96
5.86
6.08
6.12
6.06
6.12
6.18
6.16
6.07
6.15
6.21
6.36
6.35
6.31
6.33
6.32
6.2
6.08
5.97
5.96
5.94
6.16
6.1
6.13
6.06
5.99
6.02
6.13
6.15
6.15
6.23
6.25
6.27
6.33
6.4
6.53
6.4
6.42
6.37
6.58
6.54
6.48
6.39
6.35
6.31
6.41
6.55
6.55
6.48
6.47
6.51
6.62
6.76
6.67
6.67
6.61
6.59
6.66
6.66
6.62
6.61
6.76
6.77
6.76
6.74
6.71
6.75
6.73
6.62
6.56
6.49
6.49
6.58
6.54
6.58
6.54
6.52
6.53
6.55
6.48
6.33
6.38
6.32
6.41
6.49
6.51
6.48
6.48
6.58
6.64
6.62
6.64
6.64
6.65
6.64
6.59
6.64
6.6
6.62
6.65
6.78
6.83
7.06
7.39
7.38
7.48
7.41
7.51
7.52
7.58
7.59
7.48
7.36
7.4
7.51
7.4
7.47
7.43
7.33
7.39
7.29
7.23
7.06
7.03
6.86
6.87
7.04
7.04
7.06
7.01
7.06
7.08
7.03
7.06
6.9
6.99
7.07
7.06
7.03
6.96
7.04
7.09
7.1
7.2
7.15
7.18
7.22
7.4
7.43
7.44
7.41
7.31
7.34
7.48
7.48
7.52
7.43
7.44
7.45
7.45
7.46
7.45
7.61
7.63
7.71
7.74
8.12
8.25
8.12
8.17
8.35
8.53
8.57
8.69
8.61
8.67
8.44
8.66
8.89
8.96
8.74
8.65
8.73
8.85
8.84
8.95
8.9
9.11
9.11
8.94
8.87
8.92
8.96
9.22
9.28
9.23
9.39
9.42
9.43
9.47
9.59
9.63
9.65
9.57
9.84
9.81
9.74
9.77
9.94
9.62
9.6
9.38
9.13
9.01
9.25
9.32
9.57
9.88
9.75
9.66
9.54
9.45
9.34
9.23
9.21
9.11
8.93
8.53
8.79
8.89
9.16
9.12
8.97
9.06
9.11
9.26
9.24
9.27
8.91
8.71
8.8
8.83
8.78
8.89
9.08
9.17
9.13
9.11
9.08
9.11
8.92
8.9
8.86
8.86
8.81
8.7
8.79
8.86
8.92
8.74
8.6
8.53
8.66
8.74
9.01
8.98
8.99
8.96
8.77
8.42
8.46
8.41
8.33
8.66
8.58
8.42
8.24
8.29
8.39
8.61
8.6
8.72
8.85
9
8.98
8.96
8.96
8.97
9.02
8.9
8.79
8.81
8.85
8.93
8.81
8.86
8.96
9.08
9.04
8.98
8.9
8.66
8.56
8.61
8.64
8.51
8.69
8.78
9
9.07
8.92
8.92
8.86
9.23
9.45
9.26
9.56
9.56
9.55
9.54
9.45
9.36
9.26
9.11
9.13
9.15
8.84
8.87
9.11
9.55
9.32
9.36
9.15
8.95
8.97
8.95
8.84
8.76
9.03
8.95
8.95
8.99
8.95
8.8
8.72
8.84
8.8
9.2
9.11
9.15
9.17
9.2
9.26
9.3
9.22
9.35
9.66
9.55
9.47
9.53
9.84
9.9
9.55
9.7
9.64
9.51
9.53
9.49
9.68
9.66
9.47
9.53
9.32
9.36
9.35
9.22
9.1
8.56
8.72
8.85
8.95
8.83
8.97
8.74
8.85
8.93
8.76
8.62
8.58
8.43
8.56
8.49
8.68
8.85
8.83
8.64
8.68
8.87
8.99
9.01
9.16
8.99
9.03
9.14
9.12
9.1
9.22
9.39
9.57
9.68
9.59
9.41
9.51
9.51
9.7
9.76
9.12
8.76
8.78
8.85
8.93
8.95
8.78
8.6
8.55
8.57
8.7
8.82
8.95
8.91
8.87
8.76
8.85
8.89
8.93
8.87
8.87
8.72
8.66
8.8
8.82
8.62
8.51
8.6
8.37
8.12
8.16
8.12
8.07
8.05
8.18
8.3
8.12
8.16
8.28
8.49
8.57
8.51
8.39
8.26
8.24
8.49
8.68
8.64
8.97
9.39
9.24
9.32
9.34
9.28
9.32
9.3
9.32
9.18
9.3
9.24
9.39
9.43
9.6
9.39
9.32
9.32
9.43
9.43
9.49
9.78
9.62
9.57
9.62
9.43
9.32
9.49
9.68
9.82
9.87
10.52
10.41
10.41
10.49
10.18
9.99
10.45
10.08
10.08
9.89
9.6
9.76
10.08
10.12
9.91
10.01
10.06
10.16
10.37
10.28
10.18
10.49
10.58
10.52
10.47
10.87
10.72
10.49
10.45
10.49
10.41
10.54
10.43
10.41
10.74
10.76
11.04
11.43
11.87
11.75
11.75
11.98
12.1
12.12
12.35
11.99
11.61
11.34
11.34
11.59
11.74
11.74
11.8
11.64
11.82
11.45
11.3
11.43
11.28
11.13
11.11
10.92
10.69
10.65
11.09
11.05
11.43
11.55
11.38
11.36
11.22
10.98
10.82
10.92
10.98
11.26
11.22
11.28
11.49
11.51
11.66
11.66
11.61
11.45
11.32
11.26
10.92
10.96
10.98
9.89
10.06
9.89
9.89
9.77
9.77
9.43
9.66
9.56
9.28
9.31
9.2
9.26
9.1
8.84
8.84
8.76
8.97
9.33
9.33
9.1
8.65
8.88
8.99
8.95
9.2
8.95
9.07
9.24
9.3
9.6
9.56
9.69
9.47
9.66
9.66
9.39
9.62
9.58
9.54
9.47
9.47
9.35
9.39
9.41
10.05
10.11
10.11
10.38
10.51
10.49
10.38
10.32
10.4
10.57
10.57
10.28
10.3
10.45
10.36
10.45
10.49
10.15
9.77
10.3
10.15
10.4
10.3
10.05
9.98
9.88
9.94
10.07
10.23
10.15
10.32
10.28
10
9.9
10.05
9.9
9.62
9.39
9.18
10.09
10.05
10.68
10.64
10.56
10.32
10.6
10.85
10.96
10.96
10.92
10.79
10.68
10.81
10.88
11.09
11
11.51
11.49
11.41
11.34
11.41
11.56
11.73
11.96
11.92
11.79
11.81
11.54
11.37
11.49
11.56
11.54
11.54
11.54
11.45
11.9
11.98
12.02
12.07
12.26
12.51
12.32
12.07
11.92
11.79
11.81
11.9
11.83
11.66
11.58
11.49
11.34
11.62
11.68
11.51
11.37
11.32
11.68
11.96
12.19
12
11.54
11.19
11.13
11.21
11.19
11.08
11.4
11.1
11
10.97
11.06
11.06
10.91
10.93
10.8
10.78
10.85
10.89
10.97
11.17
11.42
11.77
11.79
11.62
11.72
11.85
11.57
11.7
11.6
11.64
11.36
11.23
11.02
11.25
11.32
11.1
11.23
11.13
11.3
11.08
11.06
11.17
11.19
11.23
11.3
11.49
11.77
11.85
11.68
11.47
11.51
11.6
11.98
11.96
12
11.7
11.85
11.96
11.85
11.77
11.49
10.91
11.36
11.25
11.62
11.54
11.3
11.15
11.26
11.04
11.41
11.19
11.11
11.34
11.58
11.71
11.86
11.9
11.99
12.03
12.03
12.23
12.1
12.03
11.99
12.01
12.12
12.29
12.29
12.38
12.27
12.27
12.23
12.07
11.95
11.86
11.95
12.23
12.1
12.36
12.66
12.48
12.42
12.38
12.76
12.85
12.66
12.59
12.83
12.94
12.92
12.98
12.87
12.79
12.74
12.98
12.7
12.76
12.72
12.66
12.55
12.44
12.38
12.4
12.61
12.76
13.13
12.87
12.88
12.83
12.81
12.66
12.47
12.4
12.18
11.99
11.99
11.9
11.88
12.03
12.27
12.38
12.55
12.72
12.72
12.68
12.77
13.05
12.94
12.72
12.75
12.81
13.63
13.42
13.85
13.87
13.52
13.78
13.7
13.68
13.42
13.33
13.46
13.33
13.42
13.63
13.33
13.24
13.18
12.94
12.79
12.85
12.98
13.07
13.29
13.22
13.29
13.29
13.16
13.03
12.64
12.94
13.01
13.05
13.01
13.18
13.5
13.74
13.55
13.42
13.53
13.7
13.66
13.29
13.2
13.12
13.1
13.2
13.18
13.23
13.44
13.51
13.33
13.49
13.51
13.53
13.84
13.77
13.77
13.84
14.47
13.88
13.9
13.99
13.7
13.86
14.07
14.05
14.03
13.86
13.62
13.7
13.59
13.9
13.99
14.18
14.2
13.97
14.03
13.88
14.12
14.01
13.94
14.03
14.03
14.12
14.51
14.32
14.1
13.94
13.97
13.75
13.64
13.44
13.77
13.7
13.55
13.62
13.53
13.38
13.81
14.44
14.73
14.97
14.71
14.73
15.21
15.58
15.26
15.23
15.43
15.36
15.56
15.87
16.33
16.72
16.5
16.15
16.48
16.89
16.83
16.98
16.76
17.2
17.22
17.14
16.96
16.92
17.05
17.05
17.07
17.11
17.09
17.07
17.09
16.98
17.16
17.38
17.51
17.81
18.12
18.1
18.49
19.02
18.86
18.86
18.84
18.82
18.73
18.42
18.95
18.73
18.47
18.88
18.77
18.4
18.75
19.07
18.93
19.41
19.35
19.73
20.09
19.63
19.41
19.82
19.69
19.1
19.93
19.74
19.56
19.32
19.95
20.22
20.99
20.9
19.67
20.7
20.68
20.55
20.55
21.32
20.51
20.81
20.57
20.83
20.88
20.39
20.51
20.92
21.41
21.12
20.81
20.99
20.59
21.1
20.31
20.39
20.53
21.01
19.8
19.98
19.8
19.43
18.77
18.84
18.97
18.79
19.56
19.43
19.87
19.6
19.87
19.49
19.03
18.81
18.99
18.99
18.95
19.49
19.3
19.36
20.11
20.31
20.2
20.51
20.59
21.01
21.34
21.08
20.9
20.59
20.74
20.81
21.21
20.86
20.44
18.63
19.14
18.69
18.39
18.08
18.43
18.39
18.76
18.34
17.97
17.7
17
15.78
15.98
16.2
16.62
16.45
16.45
16.49
16.82
16.71
16.78
16.69
16.91
17.35
17.97
17.72
17.9
18.25
18.23
17.83
17.62
17.62
17.9
17.88
17.22
17.88
17.17
16.98
17.04
16.6
16.42
16.23
16.62
17.13
17.11
17.28
17.53
17.39
17.09
16.51
16.03
16.38
16.25
16.36
16.14
16.07
15.96
16.63
16.16
16.14
16.18
16.45
17.07
17.2
17.02
17.82
17.91
17.69
17.33
18
18.62
18.31
18.22
18.44
18.99
19.11
18.71
18.4
18.66
18.46
18.64
18.84
18.86
19.35
18.99
18.64
18.46
18.15
18.91
18.8
19.15
19.17
19.86
19.93
20.5
20.39
20.59
19.88
19.88
19.95
20.06
19.66
19.42
19.68
19.51
19.53
19.17
19.13
19.24
19.33
19.35
19.24
19.44
19.29
19.93
20.08
20.02
20.21
20.26
20.26
20.5
20.68
20.28
19.73
19.73
19.66
20.28
20.35
20.21
19.93
19.73
19.7
19.88
19.79
20.28
20.26
20.97
20.59
20.8
20.86
21.28
21.62
20.86
20.17
20.21
20.13
19.57
19.68
19.5
19.43
19.7
20.13
19.93
20.06
19.19
18.63
18.52
18.66
18.7
19.35
19.41
18.39
18.84
18.81
19.24
18.75
18.88
18.66
18.85
19.21
19.28
19.35
19.24
19.19
18.57
18.72
18.57
20.04
18.52
19.06
19.06
19.17
18.99
18.54
17.96
17.62
17.51
17.49
17.58
17.94
17.38
17.67
16.93
16.89
16.84
17.02
16.95
17.04
17.33
17.47
17.33
17.65
18.09
17.87
17.35
16.98
17.53
17.15
16.68
15.99
15.76
15.05
16.44
16.39
16.08
16.46
17.62
17.27
16.48
16.21
16.26
16.48
16.21
15.32
14.42
15.25
15.09
16.23
16.53
16.82
17.42
16.95
15.94
15.74
16.12
15.65
15.34
15.67
16.12
16.75
17.11
16.93
16.48
17.2
16.84
17.09
17.38
17.15
17.04
16.97
16.54
16.31
15.73
15.89
16.2
16.95
17.19
17.98
17.96
17.76
17.46
17.33
16.38
16.49
17.13
17.6
17.73
17.31
17.24
17.62
18.12
18.05
18.01
17.89
17.82
18.73
18.28
18.01
17.58
17.73
17.55
17.31
16.97
16.81
16.67
16.02
14.92
14.83
15.1
15.23
15.25
15.34
15.48
16.2
16.45
16.47
16.58
17.08
17.04
17.49
17.64
18.39
19.11
18.25
17.33
16.86
17.26
16.67
16.4
16.29
15.94
16.17
16.38
16.22
16.15
15.72
15.85
15.72
15.65
16.01
16.78
17.15
16.87
16.67
16.53
16.26
16.42
16.6
16.26
16.35
16.87
17.03
16.69
16.58
16.53
17.85
17.21
17.15
17.4
18.1
18.01
17.71
17.78
18.46
16.22
16.49
15.97
17.15
16.99
16.99
17.03
16.38
16.67
17.21
16.99
17.15
17.03
16.67
17.03
17.8
17.56
17.6
17.65
17.69
18.64
19.87
22.02
22.43
23.15
22.41
22.02
22.39
21.81
22.08
22.61
23.18
23.54
23.88
23.47
23.77
23.86
23.75
23.84
23.04
22.52
23.04
22.15
22.11
22.24
22.29
21.4
21.15
21.49
21.74
21.58
21.4
21.08
20.19
20.01
21.42
21.29
22.04
22.9
23.06
22.65
22.43
22.56
21.67
21.86
21.31
21.49
21.47
22.43
22.2
21.95
21.74
21.51
21.38
22.15
22.29
21.88
22.31
22.59
21.63
22.65
22.31
22.31
22.24
21.83
21.81
21.7
21.61
22.09
22.07
22.23
22.18
22.37
22
22.05
22.46
21.59
21.5
21.47
21.22
20.97
20.58
21.17
21.17
21.59
21.72
22.37
22.82
22.85
22.73
22.37
22.11
22.11
23.08
23.1
23.01
23.15
22.6
21.82
20.76
21.27
21.59
21.7
21.4
21.5
21.54
20.81
21.79
21.43
21.52
20.74
21.38
20.92
20.49
20.6
19.91
19.85
19.62
19.45
20.03
20.1
19.68
20.19
20
20.74
20.49
20.76
21.43
20.35
20.74
20.4
20.55
20.3
20.17
19.8
19.23
20.36
19.9
20.45
20.43
20.2
20.4
20.15
20.68
20.89
20.13
20.2
19.94
19.87
19.83
20.29
20.29
20.49
20.95
20.43
20.63
18.14
18.54
18.51
17.91
17.75
17.04
17.11
17.31
17.52
17.8
17.57
16.85
16.65
16.9
17.22
17.08
17.02
17.16
17.38
16.58
16.65
16.37
16
16.53
17.13
17.54
17.15
16.97
17.36
17.94
17.71
18.12
19.04
19.66
19.02
18.72
19.04
19.25
19.16
18.54
18.3
17.49
17.59
16.82
16.19
16.68
16.54
16.15
15.75
16.03
16.12
15.7
15.7
15.31
15.22
14.52
14.13
13.36
14.34
14.85
14.55
14.36
13.99
14.22
14.03
13.46
13.36
13.2
13.01
12.95
12.78
13.5
13.62
12.55
12.97
13.08
13.25
13.23
13.29
14.2
15.1
14.71
14.29
14.78
14.45
14.68
14.66
14.5
14.22
14.48
15.13
14.64
15.55
16.12
15.75
15.7
15.36
15.38
15.61
16.12
15.59
15.03
15.2
14.94
14.08
14.22
14.59
15.02
14.87
15.02
14.76
14.52
14.83
14.55
14.2
14.62
14.57
14.22
14.36
14.52
14.74
15.18
15.06
14.97
14.52
14.99
15.04
14.78
14.85
14.24
14.27
14.34
14.31
14.87
15.36
14.97
14.62
14.52
14.27
14.31
14.46
13.94
14.08
13.85
13.45
13.15
13.12
13.15
12.89
12.96
13.03
13.36
13.53
13.1
12.68
13.47
13.17
13.03
12.7
12.82
13.52
13.68
13.45
13.38
13.37
14.26
14.33
14
13.79
13.7
13.56
13.13
13.18
12.87
12.87
12.96
13.22
13.25
13.16
13.86
14.5
14.19
14.17
14.59
14.76
14.61
14.59
14.45
14.43
14.24
14.28
14.03
14.24
14.22
14.05
14.38
14.19
13.89
14.1
14.38
14.62
14.38
14.28
14.47
14.36
14.62
14.83
14.14
13.62
13.41
13.29
13.15
13.27
13.41
13.22
12.66
12.85
11.71
12.94
13.25
13.27
13.22
13.03
13.06
12.61
12.56
12.04
11.97
12
11.52
11.39
11.65
11.73
12.01
12.18
11.96
12.15
12.56
13.35
13.4
13.28
13.3
13.3
13.83
13.8
13.92
13.97
13.66
13.83
13.78
14.02
13.87
14.11
14.21
14.61
14.45
14.85
15.16
14.9
15.33
15.02
15.55
16.55
16.57
15.88
15.88
15.91
16.19
16.19
15.93
15.55
15.59
16.16
16.38
16.45
17.1
17.82
18.24
18.15
18.2
18.08
17.69
17.77
18.6
17.53
17.48
17.46
17.22
17.36
16.69
17.07
17.19
16.07
15.64
15.74
16.03
16.24
16.67
16.65
16.59
17.09
17.02
17.07
17.04
16.85
16.75
16.79
16.62
16.55
16.6
16.65
16.52
16.98
16.81
16.09
15.77
15.66
15.43
16.03
16.36
16.01
16.17
16.43
17.07
17.13
18.02
18.4
18.03
17.31
17.73
17.24
17.32
17.17
17.38
16.89
16.24
15.93
16.08
16.53
17.25
17.52
17.18
17.08
17.11
16.23
16.77
17.62
17.15
17.32
17.59
17.38
18.1
18
17.61
18.65
18.49
18.56
18.71
18.73
19.38
19.13
19.5
19.46
19.69
19.5
19.4
19.6
19.97
20.1
20.16
20.71
20.63
20.48
20.6
21.68
21.42
21.42
21.59
21.79
21.32
21.09
20.94
21.38
20.7
21
21.26
21.63
21.67
21.19
21.32
21.06
20.69
20.87
20.95
21.01
20.99
21.11
20.89
21.52
21.71
21.19
20.41
20.63
20.27
19.64
19.4
20.14
20.16
20.04
19.23
19.54
18.91
19
20.12
20.35
19.53
20.76
20.56
21.15
21.07
21.03
20.64
20.68
20.51
20.59
20.9
21.5
21.05
21.31
21.25
20.66
20.8
20.59
20.43
20.94
21.08
21.02
21.55
21.13
20.98
20.59
20.45
20.8
20.21
20.39
20.47
20.35
19.97
19.51
19.51
19.66
19.63
19.95
19.07
18.77
17.44
17.84
17.33
16.27
17.19
18
18.1
17.2
17.09
17.48
17.16
17.72
18.51
18.51
18.83
18.2
18.3
18.46
19.24
18.95
18.81
18.74
18.31
18.24
17.99
18.31
18.16
17.87
18.23
18.6
17.97
17.66
17.58
17.77
17.97
18.13
18.79
18.99
19.03
18.97
18.79
19.25
19.02
18.86
19.3
19.66
19.34
19.04
19.12
19.36
19.15
18.95
18.95
18.64
18.64
19.05
19.87
19.86
20.11
19.66
19.86
20.05
19.74
19.69
19.62
20.19
20.46
19.89
20.23
20.44
20.62
20.74
20.91
20.54
20.31
20.57
21.18
20.9
20.19
20.27
20.11
19.98
19.85
19.56
18.88
19.53
19.4
19.08
19.31
19.45
19.84
20.13
19.68
19.88
19.91
20.01
19.42
19.32
19.26
18.79
19.21
19.72
19.9
20.11
20.01
19.78
19.76
20.24
20.55
20.86
22.2
22.16
22.14
21.99
22.31
23.4
22.97
23.38
23.18
23.5
23.41
23.33
22.77
23.23
23.68
23.42
23.49
22.98
22.61
22.63
22.16
22.28
22.77
22.52
22.54
22.34
21.75
21.95
22.72
22.87
22.92
23.56
23.14
22.96
22.97
22.44
22.1
21.89
21.94
21.45
21.16
21.12
21.36
21.58
21.08
21.77
21.57
21.78
21.52
20.88
20.97
21.93
21.47
21.05
21.02
21.62
22.32
21.99
21.84
21.54
21.3
21.63
21.62
21.5
21.32
20.92
20.73
20.83
20.67
20.26
20.5
20.03
20.18
20.14
19.75
19.59
19.63
19.49
19.15
19.71
19.22
19.03
19
18.95
19.21
19
19.41
19.51
19.13
18.8
18.41
19.23
19.07
18.78
18.13
17.96
18.13
18.01
17.14
17.24
17.15
16.64
16.33
16.07
17.36
17.19
17.5
18.44
18.21
17.96
17.38
16.72
16.23
17.03
17.22
17.9
17.91
17.77
17.76
17.81
17.74
17.46
17.96
17.78
17.86
18.22
18.02
18.13
18.02
17.77
17.41
17.54
17.13
17.14
17.1
17.36
17.33
17.23
17.26
17.03
16.33
16.35
15.85
15.67
15.27
15.22
15.13
14.81
15.27
15.64
15.07
14.96
15.54
15.18
15.06
14.47
14.42
14.59
13.61
14.09
14.7
14.35
15.26
15.57
16.36
16.62
17.4
16.94
17.35
16.67
16.81
16.41
16.41
16.61
16.56
17.07
17.38
17.47
17.67
17.25
17.5
16.81
17.27
17.46
17.95
18.28
18.09
18.23
18.87
19.47
19.69
19.74
19.09
19.97
20.23
19.96
19.18
18.95
18.79
18.72
18.25
18.47
18.53
18.29
18.08
18.77
18.58
18.49
18.34
18.85
18.79
18.81
18.77
18.27
18.44
18.54
19.36
19.23
19.62
19.4
18.81
19.2
19.23
19.34
19.22
19.13
19.31
19.22
18.82
18.16
18.58
17.94
17.67
17.9
17.99
17.59
17.97
18.08
17.87
17.84
17.55
17.41
17.39
17.39
17.17
17.21
17.67
18.2
18.77
18.91
19.01
18.71
18.72
18.69
19.09
19.2
19.23
18.47
18.64
18.22
18.71
18.3
18.18
18.06
19.17
19.21
20.52
20.34
20.34
20.68
21.47
20.72
20.83
20.51
20.72
20.52
20.1
20.28
21.12
21.16
21.03
21.12
21.28
21.12
21.58
21.64
21.91
21.53
21.14
21.38
21.32
21.78
21.74
21.69
21.36
21.7
21.54
21.63
21.32
21.53
21.66
22.17
21.93
21.37
21.86
22.31
21.87
21.71
21.96
21.78
21.18
21.08
20.74
21.06
20.97
21.59
21.59
20.77
21.45
21.46
21.77
22.17
22.36
22.46
22.3
22.46
23.3
23.08
23.05
23.81
23.75
23.45
23.23
23.54
23.3
23.21
23.09
23.34
22.96
22.89
22.51
22.92
22.85
23.2
23.32
23.21
23.12
23.6
23.8
23.88
24.11
26.29
27.14
27.02
26.56
26.83
26.4
27.01
26.93
27.04
27.49
27.91
27.81
27.76
27.59
27.35
27.78
28.22
28.41
29.08
29.12
29.23
29.36
30.22
30.16
29.89
30.37
29.66
28.82
28.77
29.03
29.23
29.72
29.98
29.77
29.41
29.01
29.17
28.71
28.55
28.16
28.14
28.55
28.84
29.05
29.5
29.45
29.15
29.56
29.14
28.5
28.24
28.62
28.48
29.51
30.08
30.36
30.62
30.79
31.16
31.47
31.34
31.81
31.8
32.57
30.9
30.58
30.76
30.24
29.75
29.66
29.53
29.8
30.25
30.53
30.7
30.46
30.78
31.1
31.15
30.98
30.16
29.96
29.91
30.62
30.54
30.18
30.14
29.63
30.25
30.24
30.3
30.48
31.19
31.34
31.61
31.92
31.42
31.37
31.15
31.8
31.91
31.79
31.59
32.4
32.43
32.64
33.68
34.09
34.79
35.23
34.82
34.77
34.71
34.79
35.16
34.94
34.51
34.35
35.29
34.67
34.29
34.02
33.44
34.27
34.29
34.79
34.81
35.13
34.3
34.82
35.07
35.14
35.49
34.24
33.24
32.26
32.62
32.35
32.16
31.69
31.86
32.77
32.43
31.96
32.97
32.85
32.32
33.2
32.95
32.79
32.07
32.24
32.02
32.22
32.54
31.63
32.08
32.39
32.28
32.11
31.88
32.1
31.9
30.69
30.54
31.28
30.89
31.46
32.24
32.23
31.86
31.52
31.67
31.87
32.21
32.33
33.18
33.4
33.01
32.98
33.9
34.41
34.62
34.28
34.23
34.97
34.24
33.83
33.73
34.22
33.82
33.39
33.85
35.27
34.38
33.93
34.31
33.43
32.54
32.6
33.29
33.14
33.05
32.65
32.35
30.57
30.66
31.4
31.31
31.75
30.84
30.93
30.95
30.31
30.63
31.04
31.31
31.39
31.53
31.6
31.86
32.05
31.52
31.67
32.59
32.35
31.62
31.71
31.36
31.62
31.04
31.34
31.21
31.45
32.15
32.67
33.18
32.78
32.5
33.06
33.32
32.79
32.18
32.18
32.5
32.1
32.33
32.81
33.25
33.04
33.3
32.8
32.96
32.91
32.44
31
30.87
30.61
30.43
30.96
31.17
30.98
30.82
30.22
30.23
29.35
29.62
29.54
30.04
30.38
30.25
30.25
30.72
30.56
30.57
30.06
30.46
30.38
30.84
31.14
31.08
31.07
30.46
30.65
30.62
30.85
31.01
31.8
31.7
31.56
31.66
32.02
31.92
31.47
31.55
32.09
31.99
32.18
31.77
31.41
31.52
31.37
32.42
33.94
33.92
33.98
34.25
33.88
34.15
33.73
33.52
33.48
33.62
33.34
33.52
34.19
34.2
34.09
34.06
32.64
32.77
33.2
33.65
34.24
33.7
34.13
34.68
34.74
35.7
36.39
36.94
36.87
37.42
37.6
38.07
38.12
38.01
38.09
38.51
38.75
38.21
38.18
38.51
39.01
39.32
38.63
38.79
39.26
38.87
38.53
38.38
38.48
38.4
38.76
38.82
39.82
39.7
40.2
40.17
39.93
39.98
40.79
41.17
41.23
40.72
41.73
41.73
41.33
41.32
40.29
39.84
39.08
39.65
39.57
39.2
38.66
39.14
39.35
39.7
39.38
38.95
38.34
37.98
37.5
38.52
38.78
36.82
37.22
37.92
38.36
38.73
39.07
39.11
38.88
38.93
38.58
39.18
39.49
39.25
38.94
39.39
39.08
38.66
38.07
38.5
39.65
40.36
40.45
41.44
41.36
41.6
42.54
42.09
42.13
41.2
41.82
42.13
41.08
41.18
40.97
41.21
41.03
40.93
40.31
39.85
39.83
40.1
38.22
38.93
38.92
38.37
38.39
38.46
38.9
38.98
38.6
38.38
38.9
37.71
36.35
35.52
35.57
36.16
37.47
38.34
38.4
38.97
38
37.65
37.07
37.65
37.8
37.45
38.24
38.42
38.55
38.6
38.33
38.87
38
38.06
38.65
39.32
39.99
39.98
40.04
40.21
40.12
39.54
40.38
40.33
40.24
40.82
40.7
40.18
40.26
40.42
41.3
41.67
41.49
41.72
42.15
42.15
42.04
42.85
43.1
43.7
43
42.11
41.42
41.44
41.82
41.32
40.75
41.02
41.12
40.75
41.63
42.2
42.75
42.32
42.69
43.61
43.33
43.46
45.67
45.71
44.94
45.03
44.55
44.52
45.36
46.78
46.32
46.41
46.79
46.73
46.41
46.06
46.12
46.69
47.26
47.69
47.09
47.48
46.13
45.93
45.67
47.1
47.09
46.99
45.72
45.88
45.96
46.14
46.21
47.68
48.92
50.05
50.27
50.75
50.12
50.57
50.94
51.04
50.09
49.61
49.59
48.95
48.81
49.07
49.83
50.63
50.13
50.45
49.45
49.83
50.48
50.7
49.65
48.31
47.42
48.65
47.75
47.74
47.05
46.4
47.03
47.28
46.36
47.63
46.63
42.22
43.42
43.41
43.63
43.07
44.08
45.39
45.5
46.34
46.16
46.22
46.82
46.82
46.69
47.2
47.36
47.84
48.25
48.96
49.6
49.44
49.81
50.72
50.07
50.02
49.59
49.28
49.87
50.92
50.76
50.35
50.75
49.87
49.49
50.14
50.09
50.9
50.71
50.67
51.48
49.05
48.97
49.27
50.45
50.5
49.97
49.92
50.18
49.86
49.89
51.16
51.16
52.17
53.12
52.91
52.93
53.69
53.8
54.34
53.61
54.17
52.67
52.89
53.16
53.79
56.47
58.52
58.07
58.84
60
59.26
59.04
59.53
58.2
59.63
59.32
59.58
59.46
60.85
62.05
62.36
62.43
62.9
63.31
62.69
63
63.69
63.33
64.46
64.42
64.65
63.45
63.29
62.74
61.87
61.48
61.53
62.34
64.38
64.9
66.06
65.73
64.39
66.04
66.08
65.42
65.32
64.88
63.84
62.74
62.23
63.69
65.25
65.68
65.55
64.92
65.38
66.43
67.45
66.67
66.25
68.38
68.43
67.78
67.69
67.27
65.14
66.02
65.25
65.84
65.75
67.35
67.89
68.51
69.53
69.46
70.54
70.39
69.21
67.64
67.34
67.23
65.99
64.87
63.27
63.35
64.08
63.97
64.29
64.69
62.73
63.42
63.71
63.29
60.27
59.53
58.02
58.15
58.7
57.65
57.66
58.66
61.59
61.33
60.81
61.71
63
62.83
62.71
63.01
62.29
63.21
64.68
64.75
65
63.57
64.02
63.09
63.69
63.81
61.99
60.59
60.15
60.15
60.65
62.09
60.31
59.68
61.57
61.69
61.23
61.74
62.17
61.88
60.86
61.77
63.5
63.82
63.89
62.51
59.82
59.65
58.52
57.59
58.85
60.34
60.56
59.64
59.59
59.81
58.68
57.19
57.62
57.68
57.14
56.8
57.93
58.73
60.84
60.36
59.16
58.78
57.2
56.88
57.91
57.2
57.13
58.49
58.11
57.52
56.35
54.8
56.17
57.54
57.34
58.14
57.45
57.07
56.85
57.22
59.58
59.41
60.16
60.3
59.65
60.46
60.31
61.06
61.03
60.31
60.52
51.74
52.98
53.43
54.29
54.67
53.73
53.28
53.24
53.05
53.1
52.99
52.48
52.54
52.7
51.91
52.26
52.19
52.93
53.89
53.82
53.44
53.41
54.53
55.06
55.13
54.34
54.02
54.42
54.39
53.66
53.92
54.5
55.29
55.24
55.6
55.31
54.61
53.92
54.47
54.21
54.3
53.95
53.82
53.32
53.13
53.4
53.9
53.76
53.78
53.63
53.49
52.81
52.87
53.16
52.89
52.61
52.39
51.95
52.53
52.79
52.32
51.27
52.49
52.64
52.55
53.84
54.38
55.42
56.47
57.28
57.51
56.84
56.77
57.85
57.84
57.11
56.93
57.05
58.31
59.59
59.64
59.87
60.11
59.74
59.28
59.28
57.14
56.78
56.32
55.56
55.67
56.07
56.61
56.67
56.76
56.91
55.82
56.09
55.93
55.66
56.55
57.16
58.35
58.64
58.94
58.91
58.94
58.38
58.33
59.07
58.83
59.26
59.47
59.6
59.35
59
58.47
58.73
58.86
58.96
59.63
61.14
60.74
63.57
63.6
64.45
64.82
64.62
65.29
64.28
64.83
64.97
64.93
64.7
64.32
65
66.16
65.33
66.28
67.54
67.28
67.23
66.24
66.18
66.25
66.84
67.3
66.77
67.01
67.05
69.47
69.55
69.16
69.3
69.62
69.64
68.43
69.5
69.7
69.11
70.75
71.46
71.79
72.45
73.02
72.03
72.11
71.61
71.43
71.07
70.38
70.01
69.31
71.21
69.03
68.59
69.76
70.66
71.89
72.73
74.43
75.35
76.03
76.54
76.64
77.31
73.95
72.88
72.58
71.55
69.59
67.57
68.48
70.04
71.22
71.7
70.18
72
71.5
71.91
69.76
68.93
69.24
68.24
66.62
64.89
64.57
65.82
66.02
66.93
66.81
67.84
67.55
65.92
66.7
66.36
67.35
68.31
67.14
67.33
65.28
65.54
65.68
64.68
64.88
65.03
65.5
68.85
69.25
68.77
69.47
69.08
67.88
68.14
68.86
69.71
70.72
70.79
69.83
69.9
71.4
72.3
73.34
72.14
70.61
71.37
70.08
69.11
68.56
69.35
65.7
65.64
66.46
67.68
66.68
67.01
65.99
65.6
66.63
65.47
66.76
65.64
66.9
65.73
64.68
62.88
62.15
63.47
62.54
62.27
62.01
60.9
60.97
60.67
61.29
60.57
61.46
63.57
64.05
64.21
64.35
64.31
64.93
66.4
66.26
68.39
65.83
65.92
66.28
65.54
63.55
63.45
63.26
63.86
64.95
64.92
65.81
64.95
65.33
64.8
63.07
62.85
61.2
61.38
59.97
60.04
60.2
58.95
60.07
58.4
57.39
56.1
56.41
57.31
58.44
58.6
59.21
61.26
61.96
61.46
63.75
64.44
63.72
60.64
61.05
61.35
61.08
62.34
62.86
64.34
63.26
62.82
63.22
63.99
63.57
63.92
64.88
65.83
66.65
66.8
64.95
65.74
64.43
64.52
63.54
62.72
61.71
65.21
67.58
67.95
67.16
66.87
69.03
66.21
66.29
68.28
68.83
69.47
69.18
69.23
70.31
71.82
70.5
69.21
69.89
69.37
69.68
68.39
67.99
67.17
67.84
68.21
70.96
70.9
76.94
75.18
73.99
73.7
73.81
74.2
74.91
73.53
73.87
74.29
74.7
74.65
75.09
73.64
74.35
73.76
75.62
75.84
74.65
75.33
75.51
76.03
75.64
75.24
74.17
73.57
73.93
75.05
74.68
74.55
74.27
74.35
74.39
74.63
72.16
72.9
72.26
71.21
72.62
73.52
72.99
72.79
71.9
71.7
71.34
72.17
69.14
69.09
67.01
66.53
66.6
66.84
63.53
63.43
63.88
62.71
61.73
61.72
62.98
62.85
60.48
63.63
65.19
64.34
66.46
68.05
65.72
63.33
63.96
62.79
64.43
65.41
63.09
61.84
61.2
61.88
63.99
62.56
64.35
64.25
65.17
63.37
63.79
63.85
62.82
62.34
62.44
62.35
63.77
62.22
62.33
63.13
65.05
64.19
62.69
61.47
58.03
58.15
58.61
55.71
57.01
58.82
59.41
57.37
58.75
57.31
59.28
60.34
58.63
57.67
56.03
56.23
58.2
54.35
54.09
51.69
47.39
46.48
44.65
42.95
43.24
40.66
39.14
44.91
43.1
38.17
38.84
36.04
37.49
35.6
33.48
32.41
30.53
30.05
32.04
33.13
34.26
35.02
35.76
38.73
37.03
34.47
35.25
34.29
33.8
32.16
36.13
33.88
32.73
33.18
31.05
30.1
31.78
33.31
34.17
36.05
37.58
33.53
34.83
36.35
34.39
35.07
38.89
38.85
40.03
38.68
38.57
38.69
40.15
40.93
38.65
39.13
38.3
37.7
38.42
39.16
38.81
40.02
40.95
43
42.24
41.99
40.03
40.35
39.6
37.76
37.95
36.07
36.5
36.65
35.51
36.65
34.5
33.04
30.27
29.95
30.58
29.51
28.59
28.07
27.79
28.35
29.29
30.84
30.32
28.65
28.84
28.74
28.67
26.85
26.35
25.04
24.7
23.28
24.13
23.19
22.45
22.8
20.54
20.82
23.57
21.77
21.52
22.16
24.56
24.38
25.04
24.81
24.48
24.86
25.45
26.32
25.08
27.46
27.24
26.79
28.52
28.12
25.51
25.91
26.86
29.22
29.79
29.01
27.29
27.4
30.13
30.73
30.3
30.6
30.7
30.31
28.61
29.46
30.46
30.46
31.56
31.34
30.77
31.62
33.39
34.97
36.11
36.99
37.54
35.59
37.2
36.07
35.72
33.86
33.85
33.54
35.46
35.35
35.01
33.36
32.2
32.85
32.9
32.46
33.28
35.24
35.15
34.41
35.68
36.11
36.2
35.89
35.31
35.3
35.41
33.9
33.37
32.66
31.99
31.58
30.37
30.97
31.35
32.37
32.44
32.6
31.01
31.15
29.79
29.75
28.43
28.7
28.77
28.65
29.85
29.97
31.76
32.45
32.3
34.83
37.5
36.74
39.21
39.91
40.73
40.77
39.75
41.25
41.87
42.88
45.51
44.32
44.8
45.41
44.81
43.98
45.22
44.83
43.72
41.77
42.87
42.93
43.24
44.95
45.2
45.45
44.9
44.74
44.39
43.06
41.66
41.35
42.8
43.82
44.64
46.01
46.27
46.12
46.35
49.13
50.01
51.21
50.77
49.85
51.64
50.5
49.27
48.66
49.59
49.04
48.78
46.99
46.4
48.23
49.13
49.32
50.45
50.98
50.41
50.12
51.8
52.05
51.86
54.98
56.65
55.5
56.23
55.14
54.63
54.26
52.1
54.8
52.7
53.12
54.04
53.81
55.51
55.14
57.43
57.39
57.49
56.06
56.26
57.82
57.32
56.87
56.1
55.47
55.65
55.52
56.51
54.99
55.89
57.13
56.42
55.71
55.81
55.1
53.97
53.78
54.5
55.05
55.81
55.71
55.74
55.07
54.74
55.14
55.41
55.82
55.83
56.01
55.69
55.57
54.55
56.04
56.71
56.89
57.12
57.76
61.39
59.58
59.66
59.33
57.94
58.72
57.59
54.79
52.28
53.14
53.82
51.5
49.98
50.35
51.02
51.61
51.45
49.54
49.87
48.94
51.59
51.22
54.11
54.16
55.05
55.42
55.71
56.14
55.93
54.61
54.89
54.73
54.98
55.75
56.04
56.45
56.33
57.08
56.77
57.03
56.65
56.76
58.17
57.31
57.29
58.04
57.6
57.22
57.78
60.15
59.81
59.89
60.18
61.18
60.87
60.57
61.67
62.63
62.92
62.13
62.14
62.9
64.31
63.79
64.84
65.75
64.46
64.56
65.05
65.29
65.47
66.7
69.48
66.46
66.88
68.61
66.03
67.82
64.68
63.96
61.58
60.22
64.67
64.07
66.09
64.89
62.92
61.85
61.28
59.58
56.9
58.27
57.43
57.42
57.92
60.18
58.92
57.48
59.02
59.26
56.01
54.14
54.9
55.09
58.14
58.41
59.15
61.54
62.44
62.99
63.86
64.07
62.17
62.38
61.45
62.75
62.45
59.01
58.25
58.16
57.39
58
60.3
61.26
62.76
62.34
64.77
64.68
64.5
62.42
63.26
64.85
65.28
66.38
67.66
68.33
67.53
68.06
67.75
68.09
69.36
68.7
69.43
70.25
69.86
70.36
69.72
67.08
65.89
66.39
66.86
68.08
68.09
67.64
67.22
65.25
63.49
63.16
62.43
64.33
62.94
63.61
66.54
66.91
68.41
68.04
69.06
68.96
69.56
70.52
70.12
70.41
70.29
71.44
72.97
74.57
74.37
74.45
77.83
77.65
77.77
78.09
76.81
76.36
75.43
77.51
77.2
76.87
78.46
78.08
77.45
78.38
78.01
77.85
78.33
76.68
78.41
77.44
76.89
77.59
77.2
76.78
76.31
77.15
77.81
78.28
78.41
81.65
82
81.59
80.4
80.94
80.92
79.55
80.31
78.89
79.68
81.58
82.42
82.45
81.11
83.13
82.58
82.13
83.04
85.84
86.99
87.73
87.56
88.69
87.97
88.02
88.28
89.94
90.39
91.41
91.48
90.89
91.58
92.89
92.83
92.71
92.34
91.97
92.05
92.14
91.94
92.42
91.98
92.78
91.82
92
91.67
92.22
91.77
92.41
92.28
94.9
94.22
92.32
91.47
93.27
93.09
94.43
95.3
94.36
95.67
96.66
97.72
97.57
98.22
99.08
99.22
98.41
99.21
102.11
101.84
101.58
102.12
101.93
104.4
100.6
98.64
99.18
100.59
101.51
98.48
99.58
102.81
101.62
100.72
102.69
100.95
97.03
98.64
100.69
99.36
99.01
101.7
103.61
106.11
105.32
105.29
106.88
107.59
107.89
109.02
109.99
109.81
111.56
111.82
110.76
109.47
108.33
108.31
107.57
105.1
106.15
106.1
105.73
102.47
104.64
107.23
108.36
107.8
110.86
111.52
111.55
114.29
113.26
112.17
109.7
108.33
109.27
110.58
111.78
108.91
107.58
105.3
105.06
101.09
104.23
104.28
103.32
100.9
100.57
102.25
103.18
103.59
104.77
100.26
101.2
100.12
98.89
98.91
97.09
98.3
95.85
94.52
96.91
94.72
94.54
95.02
97.23
100.41
99.18
99.58
99.04
99.82
102.83
102.36
105.43
107.57
107.38
109.01
110.55
109.34
107.11
105.89
107.59
106.54
108.3
107.21
109.04
109.7
110.99
104.57
105.08
104.62
100.78
99.09
98.25
100.17
96.65
95.75
89.06
90.49
82.15
87
83.05
86.77
89.32
90.87
88.86
87.16
82.87
79.53
79.45
82.52
84.93
82.79
84.69
87.66
89.34
90.5
88.06
84.91
85.23
88.2
86.56
83.5
83.41
84.55
84.98
86.12
85.43
84.13
83.2
78.92
73.49
73.45
76.43
77.24
74.67
74.97
73.43
70.16
72.14
73.85
76.67
75.1
78.69
80.22
81.25
80.99
83.63
81.07
84.25
83.1
84.26
87.39
91.77
89.89
91.57
96.33
96.85
94.46
91.63
93.94
96
95.74
95
95.89
91.64
92.2
96.13
96.53
97.07
95.75
93.81
93.93
91.12
89.99
87.76
86.72
91.48
90.54
97.88
96.82
96.29
96.85
95.96
94.89
92.92
95.97
93.24
90.98
87
87.7
87.2
87.25
91.73
91.63
91.81
92.25