100
100.84
100.76
100.69
101.45
102.05
102.19
101.74
101.42
100.7
99.68
99.72
100.64
101.23
101.34
101.78
101.84
102.07
102.78
103
104.23
104.41
104.14
104.26
104.5
105.13
105.56
105.5
105.88
105.77
105.37
105.11
104.7
104.6
105.07
105.2
105.44
105.97
106.34
106.86
107.17
107.56
108.06
108.38
108.87
108.85
109.08
109.69
109.96
110.16
109.53
109.52
109.99
110.69
111.13
111.69
112.37
112.46
112.3
111.35
111.77
111.68
111.06
110.66
110.15
110.33
110.37
110.55
110.74
109.15
108.4
108.33
108.72
108.85
108.42
107.5
107.53
107.6
108.25
108.87
109.56
110.22
110.66
110.76
110.02
109.79
110.06
110.2
109.57
109.36
109.44
109.44
108.16
106.5
105.49
105.99
106.37
106.56
106.45
107.22
107.8
108.47
108.77
109.23
110.01
110.42
110.91
111.24
110.76
110.34
110.72
109.98
109.37
109.79
109.74
109.54
109.63
109.35
108.57
107.45
105.81
105.27
105.59
104.41
103.26
103.11
103.78
103.18
103.04
104.08
105.21
105.44
107.86
108.93
108.39
108.01
107.89
108.26
108.6
108.85
108.97
109.3
108.71
108.42
108.65
108.96
109.98
110.53
110.58
110.55
110.42
110.22
109.77
109.79
109.78
110.1
109.99
109.82
108.99
108.8
108.88
108.18
108.38
108.6
109.03
109.58
109.96
109.99
110.68
110.98
110.74
110.71
110.91
110.69
109.87
109.6
109.06
107.99
106.58
106.61
106.8
106.29
105.69
104.28
104.5
105.1
103.69
103.54
105.01
105.56
105.46
105.43
105.72
104.86
103.74
103.91
103.44
103.71
103.64
103.44
102.95
101.79
100.31
100.4
101.64
103.08
103.97
105
106.15
107.26
106.92
107.26
107.71
107.97
108.81
109.16
109.07
109.45
110.01
110.52
111.5
111.73
111.97
111.94
111.7
111.93
112.57
112.97
114.12
113.65
113.93
114.83
115.72
116.05
116.1
116.64
116.9
116.42
116.74
116.93
117.66
117.45
117.32
117.21
116.49
116.3
116.39
117.37
118.44
118.87
119.58
120.47
120.66
121.24
121.14
121.35
122.16
122.71
122.86
122.26
122.61
123.35
123.44
123.4
123.3
123.61
124
124.83
124.94
125.38
126.29
126.58
127.19
127.88
127.83
128.4
128.85
128.55
127.34
127.73
128.14
127.77
128.01
127.53
125.73
126.36
127.38
127.55
127.56
127.72
127.53
128.14
128.06
128.78
130
130.92
131.8
131.76
132.47
133.17
133.06
133.88
133.74
134.1
132.68
132.86
133.01
131.9
130.84
130.92
131.01
131.33
130.16
129.34
128.77
128.92
129.43
128.62
125.78
126.77
127.95
129.44
130.34
130.36
129.76
130.82
132.16
132.38
132.72
133.47
133.8
133.95
133.45
132.53
133.13
133.52
132.74
132
131
131.07
130.57
130.38
130.78
131.45
131.29
131.28
130.76
131.07
131.38
130.79
130.22
129.31
129.79
129.58
129.35
130.08
130.59
131.28
131.86
131.5
130.85
130.47
130.11
129.03
129.38
128.4
127.54
127.77
127.09
127.63
128.77
128.47
128.65
128.36
128.15
127.75
128.45
129.39
130.31
130.94
130.97
130.61
130.75
130.84
131.68
131.7
131.48
131.46
130.89
131.43
131.29
131.29
131.1
130.4
130.31
129.77
129.44
129.78
129.95
130.7
130.33
129.63
129.21
129.13
128.26
127.18
127.51
127.58
127.67
127.61
127.42
127.51
127.3
127.46
126.82
127.07
128.55
129.13
129.61
129.3
129.48
129.29
128.01
128.13
128.51
129.02
128.57
127.87
127.19
125.87
126.43
127.05
126.91
128
128.66
128.91
128.89
129.37
129.53
129.46
130.24
131.59
132.12
133.34
133.58
133.06
132.82
133.12
132.77
132.9
132.45
132.62
132.33
132.12
132.19
132.49
133.02
132.57
132.71
132.73
132.96
133.94
134.14
134.28
134.68
135.06
135.15
134.83
134.27
133.66
133.33
133.53
132.54
132.39
131.93
131.08
131.28
131.18
131.93
133.73
134.63
135.38
135.44
135.91
136.02
135.99
136.06
136.84
136.01
134.6
134.03
134.07
134.34
133.87
133.15
132.44
130.49
129.76
128.46
128.22
128.4
126.94
126.48
126
126.27
124.99
123.97
125.86
126.88
127.19
125.42
124.43
124.55
125.01
123.95
123.68
122.34
121.27
119.8
120.41
119.53
120.11
120.55
121.91
122.28
122.11
121.99
121.86
122.09
122.1
121.6
121.22
119.94
119.26
117.89
115.69
115.47
115.54
116.89
117.14
118.19
117.46
115.79
114.47
112.89
112.02
113.27
114.01
114.81
115.29
115.59
115.22
114.55
113.64
113.71
114.15
113.02
111.23
109.37
109.72
108.4
107.85
107.96
109.05
109.81
110.89
110.48
110.67
110.54
110.32
109.1
106.46
106.14
106.1
105.19
102.89
100.76
101.59
102.09
104.27
105.17
104.85
103.19
102.64
102.3
100.77
101.71
101.7
102.57
103.72
103.04
104.79
104.33
103.56
102.26
100.77
100.96
101.19
100.4
100.99
99.43
99.96
100.22
101.16
100.98
100.15
99.45
99.39
99.48
100.01
101.18
102.69
103.17
103.03
103.97
104.64
105.77
106.52
107.68
107.75
108.29
109.19
109.17
109.36
108.88
108.64
107.13
106.98
106.82
107.21
107.3
106.13
106.15
105.32
104.35
103.59
103.35
103.31
103.71
102.67
102.12
101.34
102.53
102.4
102.91
102.99
103.79
103.99
104.87
105.5
106.03
106.36
107.02
106.25
105.77
105.33
105.6
106.07
106.27
106.3
107.91
108.76
109.46
109.69
110.62
111.27
111.2
110.97
111.76
112.13
111.51
112.56
113.17
113.07
112.17
113.56
114.1
113.13
113.14
112.66
112.82
113.25
112.29
111.81
112.13
112.31
112.79
112.09
110.63
110.17
109.62
108.93
107.21
106.29
106.72
107.31
105.77
105.08
104.74
101.98
101.63
101.38
99
96.58
97.32
97.3
94.13
93.07
94.94
94.62
93.51
91.97
91.56
89.73
91.27
92.32
93.54
92.2
90.81
89.12
89.63
89.13
90.56
90.24
90.27
89.52
88.67
90.19
91.25
91.68
92.19
92.53
94.18
94.1
94.47
94.02
92.2
91.42
92.23
92.4
93.07
94.49
95.95
95.32
94.48
95.29
95.76
95.61
95.4
95.02
94.56
95.17
94.93
94.15
92.89
92.46
92.74
92.81
92.2
91.13
90.5
90.08
90.21
90.98
90.82
91.56
92.17
92.93
92.72
93.11
94.06
94.35
94.05
93.8
94.71
95.12
94.53
95.17
95.87
95.8
96.33
96.51
96.53
95.37
94.75
94.95
95.36
95.45
95.35
95.27
94.21
92.87
92.27
91.9
92.03
92.13
91.88
90.7
89.92
90.18
89.87
89.79
89.42
90.33
90.72
90.9
90.31
90.27
88.47
86.95
86.04
86.24
86.46
86.86
87.63
87.97
87.47
87.31
86.66
85.74
85.81
84.3
83.18
83.16
83.51
83.5
81.93
81.43
81.29
80.72
80.55
81.45
81.06
79.78
80.09
80.2
81.08
81.77
82.21
83.2
83.71
83.92
83.34
83.1
83.24
82.76
81.54
81.25
80.66
79.85
79.11
78.88
79.35
78.27
76.83
75.96
75.39
73.81
73.66
73.57
70.96
70.59
69.82
69.95
71.68
71.98
71.63
72.71
72.81
73.4
73.42
74.44
74.63
73.51
72.83
71.49
71.3
69.99
69.63
69.4
69.67
70.53
71.68
70.66
70.69
70.36
68.82
67.25
66.88
65.86
65.13
65.72
64.92
63.59
62.57
62.94
62.34
62.43
61.37
62.37
60.88
58.95
60.22
60.7
59.37
58.97
58.96
57.71
56.66
57.24
57.72
58.12
59.52
59.9
59.66
58.84
58.76
57.87
57.12
55.67
55.48
55.67
54.87
55.16
56.13
57.57
59.13
60.42
61.73
61.4
61.19
62.04
62.75
63.82
64.14
63.4
62.6
62.88
62.5
63.67
64.88
65.23
65.06
64.62
65.99
66.11
66.64
66.51
66.72
65.36
64.98
65.04
64.41
62.09
60.93
60.75
61.49
62.07
61.68
62.65
62.8
62.95
61.66
60.5
60.41
58.92
58.21
57.91
58.76
59.27
59.36
59.22
58.85
59.18
59.63
59.46
58.67
57.86
58.31
58.88
58.74
58.78
59.82
60.7
61.23
61.74
61.89
61.5
62.37
63.69
63.34
63.11
63.87
64.8
64.4
64.44
64.18
64.12
64.49
65.38
67.04
67.92
69.08
68.99
69.78
70.73
70.13
71.07
71.46
71.12
70.82
70.83
71.59
72.88
73.26
72.47
72.87
73.58
73.79
73.14
72.07
72.24
72.53
73
73.83
74.21
73.9
74.03
74.4
74.88
75.04
74.13
74.68
76.07
76.27
76.18
75.67
75.78
75.92
74.42
74.33
75.56
76.18
75.66
75.42
75.62
74.95
74.73
74.34
74.53
75.4
75.76
76.31
77.33
77.51
78
78.26
78.08
79.08
78.54
78.24
78.07
78.64
78.28
77.82
78.54
79.27
80.25
81.14
80.81
81.31
82.12
82.82
82.3
82.35
82.91
82.79
82.44
81.99
81.82
80.95
81.56
82.62
82.49
81.98
81.78
83.1
83.88
84.14
84.04
84.24
84.77
84.01
83.4
83.6
82.99
83.43
84.01
83.43
83.47
84.55
85.24
85.77
86.23
86.3
86.45
86.5
87.02
86.33
85.64
86.2
85.6
85.39
86.5
86.83
87.2
87.58
88
87.39
87.13
87.02
86.77
85.72
84.62
84.14
83.6
83.09
82.67
83.03
83.19
81.62
80.98
80.17
80.24
79.59
79.55
79.45
79.6
79.09
78.45
78.58
78.03
76.65
75.52
75.9
76.45
76.84
76.21
76.57
78.06
79.01
77.89
78.08
78.13
77.78
77.46
76.6
75.24
74.85
74.72
74.47
73.78
73.87
74.78
76.39
75.86
75.94
76.43
76.1
76.14
75.37
74.33
73.8
74.16
75.5
76.03
75.88
76.61
76.87
76.96
77.7
78.19
78.2
77.63
78.13
78.43
78.91
78.06
78.62
78.29
78.73
77.58
77.45
76.99
76.62
76.86
77.3
77.39
77.21
77.46
78
79.27
79.22
78.98
79.1
78.62
77.87
77.67
77.74
77.92
78.18
78.56
78.8
78.66
77.33
75.67
75.2
74.72
74.92
74.52
75.25
75.08
74.91
74.54
75.19
75.8
76.07
75.92
75.59
75.88
76.37
77.13
76.94
76.67
77.62
78.06
78.76
80.27
80.99
81.65
82.31
82.71
82.42
83.62
83.73
84.3
84.73
84.9
84.95
84.62
85.26
85.05
84.76
84.63
86.15
87.05
87.28
87.38
88.45
88.02
87.25
87.83
87.95
88.69
88.88
88.96
88.82
89.23
90.14
91.02
91.31
91.73
92.09
91.45
90.26
90.25
90.54
90.17
89.65
89.47
89.97
89.98
90.2
91.21
90.99
89.72
89.86
90.11
89.55
89.54
89.69
90.36
90.93
90.67
90.89
90.69
90.49
90.62
90.44
90.63
91.43
91.55
90.8
90.04
88.89
88.6
88.66
88.75
89.17
89.59
90.61
90.77
90.96
90.6
90.57
89.98
90.3
90.55
90.08
89.05
89.24
89.24
89.42
90.02
90.55
90.59
90.64
90.22
89.78
89.49
89.53
89.25
89.53
89.39
88.15
87.81
88.1
87.78
88.04
87.81
88.16
88.26
87.75
87.22
87.12
86.95
87.31
87.71
88.4
88.45
88.93
89.72
90.05
90.15
89.54
89.19
89.8
90.05
89.87
90.11
90.32
90.28
90.88
90.62
90.6
90.79
91.48
91.94
91.97
92.44
92.52
92.4
92.08
91.68
91.53
91.66
91.6
91.48
91.3
91.01
90.85
91.29
91.27
92.01
91.87
91.48
91.64
91.33
91.89
91.81
91.89
91.81
91.77
92.01
91.85
90.74
90.19
89.6
89.13
89.55
89.2
89.14
89.28
89.7
90.59
90.68
91.02
91.21
91.26
90.86
91.19
90.96
90.53
90.63
91.04
91.61
91.89
92.42
92.44
92.27
92.31
92.44
91.64
91.27
91.26
90.44
90.46
89.75
89.07
89.63
89.38
89.02
88.76
89.3
88.73
89.06
89.46
89.45
89.63
89.49
89.26
89.37
89.42
89.62
89.85
90.35
90.39
89.38
90.06
89.47
88.74
88.08
87.82
88.15
88.1
88.13
88.52
89.01
89.81
89.97
90.47
90.22
90.69
91.42
91.08
91.12
91.83
91.84
92.31
92.63
93.01
93.37
94.1
94.62
94.62
94.65
94.92
94.93
94.64
94.47
94.68
95.18
95.22
95.68
96.22
96.29
97.05
97.88
97.69
97.22
96.89
97.29
97.53
97.31
96.41
96.02
96.84
97.2
97.14
97.13
97.55
97.08
97.32
97.37
97.06
96.51
96.04
95.72
95.54
96.3
96.46
96.33
96.74
96.61
96.59
95.99
96.29
96.09
96.13
96.41
96.62
96.56
96.38
96.14
95.76
94.84
94.9
94.57
95.14
95.19
95.53
96.07
96.17
96.23
95.75
95.94
96.07
96.19
96.39
96.58
96.42
96.44
96.26
96.05
95.76
95.54
95.28
94.85
94.92
94.23
94.13
94.54
93.9
93.66
93.89
94.03
94.37
95.06
95.1
96
96.26
96.17
96.1
96.36
95.82
95.12
94.26
94.12
94.79
95.06
95.48
95.83
96.21
96.63
96.89
96.9
96.76
97.16
96.92
96.96
97.41
97.79
97.9
98.47
98.36
98
97.15
96.66
96.18
96.17
95.9
95.59
95.86
95.8
96.19
96.11
96.17
96.59
96.63
97.07
97.28
97.7
97.67
98.22
98.61
98.72
98.83
98.78
99.17
99.66
99.63
99.28
99.34
99.73
99.9
100.12
99.96
100.28
100.81
100.85
100.75
100.93
101.41
102.01
102.38
102.43
102.7
103.11
103.01
102.4
101.25
100.68
100.65
100.76
100.4
100.02
100.39
100.86
100.55
100.52
100.81
100.94
100.76
100.89
100.65
100.72
100.86
100.85
101.05
100.94
100.75
100.14
99.89
100.37
100.11
100.1
100.4
100.83
100.78
101.16
101.28
100.91
100.6
100.46
100.61
100.97
100.74
100.35
100.23
99.76
99.47
99.57
99.74
99.74
99.96
100.27
100.85
101.16
100.81
100.82
101.31
101.62
101.69
101.23
99.83
99.03
99.05
99.14
99.25
98.45
98.6
98.54
97.89
96.83
96.86
97.07
97.49
97.52
96.74
96.51
96.49
97.21
97.85
98.21
98.7
99.98
100.94
100.98
101.52
101.56
101.86
102.22
102.35
102.93
103.74
104.33
104.06
103.2
103.15
103.68
104.1
104.15
102.97
102.85
103.06
103.57
103.89
104.1
103.96
103.89
104.05
103.3
102.5
103.03
103.41
103.94
103.96
104.04
104.42
105.05
104
103.66
103.21
101.66
100.2
99.58
99.09
99.54
99.77
99.36
99.98
100.42
100.58
100.63
100.34
100.54
100.87
100.53
100.62
100.97
100.84
101.54
101.94
102.22
102.27
102.75
103.18
103.2
103.58
103.34
102.78
102.56
102.17
102.25
101.99
102.13
102.16
102.7
102.22
101.47
101.47
101.71
101.95
101.74
102.02
102.41
102.82
103.42
103.53
103.66
103.8
104.38
104.94
105.36
105.02
105.16
105.39
105.3
105.68
106.08
106.18
106.2
105.89
106.2
106.95
107.47
108.23
108.53
108.44
108.87
109.99
111.29
111.91
111.43
111.64
112.86
113.32
113.6
114.28
114.7
114.59
115.18
115.96
116.12
116.21
116.48
117.27
117.14
117.05
117.55
118.25
119.4
119.8
120.78
121.84
121.66
121.57
121.93
120.97
119.8
119.82
119.86
120
120.24
120.34
121.03
122.1
122.85
123.1
123.99
124.41
124.29
124.24
124.51
124.19
123.69
122.92
122.03
120.63
120.68
120.74
119.54
119.18
119.52
119.98
120.3
120.15
119.22
118.82
119.16
119.38
119.83
120.28
120.43
121.58
122.36
122.09
122.8
123.75
123.6
123.59
123.79
124.48
125.13
125.62
126.32
126.81
128.16
129.02
129.71
130.21
130.49
131.64
131.58
132
132.11
131.95
132.77
134.14
134.71
133.77
133.87
134.73
135.28
135.84
135.24
134.63
134.75
135.01
135.35
135.46
136.48
137.09
138.36
138.95
139.24
139.25
138.34
137.36
135.65
134.06
132.66
132.1
132.3
132.11
132.92
132.01
132.11
132.89
133.3
133.11
133.1
133.54
134
134.64
134.93
135.27
135.57
135.58
133.94
130.96
128.92
127.22
123.82
121.94
121.14
121.16
118
115.25
112.4
111.12
114.65
114.63
115.49
115.08
112.83
112.99
113.88
114.84
113
110.88
111.44
112.21
113.69
114.51
114.56
115.37
116.17
115.97
115.6
114.09
114.69
116.19
116.57
117.67
118.45
118.55
118.77
119.15
118.5
118.13
118.15
117.41
114.33
114.73
115.3
115.85
116.93
117.68
117.33
117.3
117.98
117.84
119.11
120.66
122.05
121.92
122.66
122.28
122.76
123.74
124.47
123.74
123.59
124.31
124.65
124.66
125.46
125.34
126.42
127.04
126.77
126.51
125.82
125.76
125.82
124.34
124.31
122.8
123.41
123.76
124.05
124.89
124.61
124.93
125.57
125.83
125.76
125.45
125.04
124.9
122.64
122.56
123.33
123.67
124.72
124.43
125.61
127.05
127.25
127.19
127.69
127.59
127.85
128.55
129.14
128.79
129.44
130.08
130.58
130.11
130.78
130.87
131.29
131.76
131.36
132.33
132.75
133.37
133.75
133.74
134.22
133.57
133.54
132.48
132.26
132.91
133.18
133.67
133.87
134.29
134.78
134.65
134.37
133.82
133.79
133.99
134.2
133.72
130.6
129.6
130.34
129.71
129.69
128.99
129.01
129.35
130.44
131.01
131.16
131.9
132.12
132.1
132.68
132.46
131.39
131.42
131.76
131.95
133.02
133.62
134.55
134.96
135.04
135.92
136.01
136.02
136.25
135.85
136.05
136.45
136.71
137.24
136.89
136.53
137.4
138.08
138.13
137.03
137.03
137.79
138.64
139.15
138.97
138.85
138.68
138.52
138.89
137.86
137.26
137.57
137.98
137.57
138.02
138.97
139.52
140.02
140.54
141.33
141.9
142.54
142.63
142.41
143.3
144.06
144.27
145.07
146.07
146.3
147.14
147.44
147.84
147.95
147.99
148.74
149.13
149.4
149.51
149.54
150.04
150.06
150.44
148.49
146.03
146.87
148.07
148.91
148.39
148.66
149.33
150.56
150.46
149.19
149.44
150.2
150.65
150.12
149.27
149.88
150.37
149.98
149.59
150.01
150.51
151.42
152.29
150.98
145.2
139.31
140.09
140.71
138.39
138.34
139.04
139.46
136.59
133.16
132.61
133.02
132.72
133.75
133.91
135.48
135.53
136.42
136.88
136.11
135.66
134.14
134.77
135.86
137.05
137.14
137.76
138.92
139.07
139.98
139.5
138.88
139.85
141.95
142.55
143.53
144.16
144.26
143.86
144.8
145.92
147.04
147.49
147.97
147.83
148.51
148.97
150.03
150.56
149.72
149.65
150.27
150.17
149.97
150.01
150.23
150.83
151.14
148.17
145.97
148.02
148.62
150.68
151.6
153.12
153.87
154.4
154.96
155.99
155.81
156.14
157.35
156.92
158.5
159.24
159.7
160.7
160.29
161.3
161.75
162.3
162.02
162.2
162.99
163.77
165.25
164.46
164.57
164.98
163.54
162.56
161.06
162.1
161.31
160.08
157.97
158.5
157.73
157.46
158.03
156.87
155.39
152.94
148.64
146.19
143.75
144.56
144.63
144.98
144.44
139.7
138.92
139.97
139.64
138.8
134.61
132.52
132.22
124.09
129.25
131
133.14
135.8
136.01
133.4
134.37
136.04
137.28
137.75
136.67
136.39
135.76
134.55
134.66
133.08
135.71
136.92
138.69
137.92
138.54
139.35
139.99
139.68
140.25
141.04
142.23
143.58
143.26
143.06
142.96
144.1
145.66
146.62
147.24
147.24
146.93
146.75
147.96
149.48
150.1
150.7
150.09
150.45
150.17
149.92
151.21
152.21
152.68
153
154.15
155.22
155.31
156.59
156.79
156.98
157.19
156.73
156.51
156.99
157.66
158.74
159
159.18
157.78
158.17
159.18
160.87
163.63
163.58
164.09
163.84
164.82
166.52
167.05
167.1
168.67
169.99
170.48
169.79
169.82
169.92
169.63
170.02
171.06
172.33
171.81
172.49
171.89
172.52
173.45
175.24
175.88
177.11
176.62
177.02
178.76
179.89
177.24
176.28
177.68
179.91
181.7
181.58
182.39
182.15
180.99
181.52
182.34
184.53
185.05
185.61
184.45
184.84
186.31
188.16
189.58
189.59
191.31
193.95
193.61
195.33
195.94
195.05
195.18
194.05
190.77
185.79
187.76
189.62
190.81
193.43
196.01
196.17
197.18
197.53
197.79
198.87
199.02
199.43
197.95
197.24
197.15
196.46
197.9
195.81
196.17
194.35
193.76
194.49
192.51
192.78
193.15
196.03
193.96
193.51
193.1
195.02
197.78
200.25
201.76
201.59
203.76
205.02
206.5
206.07
204.22
205.41
207.06
208.15
204.91
203.71
204.9
206.19
203.02
195.87
195.07
193.58
188.75
191.22
194.02
191.88
194.02
196.01
197.91
199.79
199.86
200.14
201.28
199.84
200.46
202.34
203.55
204.17
204.07
197.35
195.89
197.66
198.44
198.05
199.08
199.85
201.13
201.58
198.72
198.09
197.12
197.52
196.13
197.18
197.37
197.88
197.81
193.09
193.56
194.57
196.29
197.87
196.93
196.7
195.81
194.61
193.89
193.98
194.73
192.74
192.29
193.06
193.94
193.99
196.13
198.01
199.06
198.35
198.75
199.05
199.89
200.14
199.03
198.16
200.67
202.17
203.44
203.19
204
204.45
206.29
207.62
207.7
209.31
209.53
208.82
208.96
210.18
211.34
211.96
212.65
211.27
211.76
212.8
213.91
215.15
214.33
213.39
214.98
216.64
217.55
216.73
217.19
218.02
219.56
219.88
217.63
216.22
216.74
216.68
213.32
211.55
211.98
213.66
214.84
212.79
213.12
213.78
215.18
216.51
216.94
216.12
217.63
218.35
219.23
220.24
222.17
223.31
223.47
223.02
219.59
218.89
219.68
221.3
220.84
220.01
220.4
222.34
222.76
222.96
220.58
220.61
218.71
219.56
218.6
219.23
218.77
219.31
219.76
218.22
215.75
214.63
212.8
209.1
208.01
208.44
210.03
210.54
210.86
209.88
210.84
212.02
212.76
209.27
207.71
206.16
206.41
208
209.42
208.91
208.95
210.03
211.63
210.4
210.09
211.03
211.67
211.36
210.84
211.67
211.95
212.36
212.12
209.65
207.01
207.22
207.97
206.76
200.76
197.78
197.81
196.82
197.55
195.75
195.17
195.39
191.99
189.63
184.79
184.77
187.55
189.81
189.62
189.56
187.82
185.71
184.27
184.41
183.26
179.99
180.39
175.12
175.03
178.51
180.03
181.09
184.37
185.91
185.87
188.78
191.01
191.27
191.28
191.92
189.43
189.85
190.24
189.77
191.23
192.38
192.43
191.91
191.01
192.61
193.75
193.08
195.24
197.25
198.78
199.73
200.02
199.97
199.92
199.9
200.05
200.99
200.16
197.16
197.68
197.6
197.32
198.6
198.01
199.04
200.01
201.02
201.37
201.13
200.35
199.9
200.88
199.71
198.13
198.29
198.92
198.64
195.67
195.16
195.09
195.7
197.01
196.37
195.64
195.45
195.7
195.14
193.91
194.66
195.84
195.53
192.33
191.15
191.02
192.05
188.8
187.32
185.73
185.89
187.32
187.21
186.16
185.72
186.4
185.83
183.52
183.41
183.57
186.22
188.39
186.82
187.46
187.43
187.14
188.21
184.63
182.51
182.97
182.25
182.52
180.71
181.25
181.38
180.65
179.07
177.49
178.58
179.44
179.43
180.13
180.14
178.01
176.29
173.97
171.03
169.71
170.42
170.09
168.23
167.92
168.28
168.2
170.13
171.76
173.83
174.95
174.84
175.83
175.2
175.5
175.42
175.65
177.31
178.56
178.21
178.68
179.91
181.15
180.89
180.76
180.41
181.12
182.25
182.37
181.94
182.32
183.66
184.93
185.8
184.72
184.89
184.15
184.7
184.97
185.95
185.88
187.27
188.13
187.57
188.19
188.06
187.66
188.22
186.9
185.81
183.91
182.72
182.4
181.71
181.12
178.76
178.37
178.54
177.36
177.82
177.1
174.82
173.84
173.28
170.94
171.37
173.55
172.15
171.19
171.44
169.85
168.5
168
169.05
170.86
171.12
170.48
171.07
170.53
171.3
170.6
170.05
169.22
168.08
166.8
168.07
168.85
169.35
169.21
169.61
170.18
170.09
170.83
171.54
172.06
172.11
171.45
170.71
168.37
167.6
167.35
168.37
167.97
166.56
165.15
163.59
161.38
161.32
160.77
159.84
159.14
159.68
162.28
164.99
164.92
166.96
169.88
172.23
174.93
178.17
177.6
176.36
177.71
177.3
179.5
182.05
180.88
181.79
182.77
182.47
182.9
184.6
186.31
186.8
186.61
186
187.91
188.62
188.15
188.61
188.64
189.04
188.26
187.65
188.7
188.02
188.77
191.98
195.59
198.89
202.31
202.16
205.17
204.85
204.46
206.61
207.48
210.7
214.28
215.29
210.89
209.92
212.2
211.87
212.63
214.52
217.65
222.77
225.01
227.03
226.74
230.19
230.41
231.52
232.61
229.34
224.97
227.75
229.28
229.41
225.79
225.17
226.88
228.64
228.39
232.31
235.59
236.18
237.16
239.29
240.65
240.7
237.24
233.85
233.33
231.33
225.69
225.6
228.93
227.88
228.52
231.04
232.33
233.2
232.2
232.27
231.28
232.41
230.59
231.64
232.73
236.61
238.6
240.94
240.85
242.91
243.48
245.63
247.14
246.65
245.2
245.99
243.97
236.73
239.19
241.43
245.44
246.93
248.35
248.15
248.28
249.44
251.65
252.02
251.1
251.38
254.77
256.64
258.67
259.06
259.07
259
261.29
259.18
259.99
262.31
262.44
260.67
261.82
263.4
265.21
265.94
265.39
263.16
265.06
266.08
266.18
264.34
264.25
264.66
264.01
265.01
266.33
267.52
269.26
270.37
270.89
269.15
268.77
270.78
270.8
268.73
268.83
266.47
266.74
268.1
270.81
272.73
275.93
278.81
281.6
282.83
281.86
284.81
286.84
288.55
286.58
288.11
288.93
290.84
293.06
290.54
289.65
293.21
297.32
301.64
302.65
304.34
302.89
302.15
303.94
299.6
301.02
303.51
302.82
303.56
303.86
307.36
309.16
311.39
312.05
308.73
307.95
310.45
313.85
315.48
314.17
312.49
312.74
315.24
318.05
320.04
322.04
326.5
326.11
324.63
325.96
328.19
327.33
328.91
324.34
315.87
316.24
318.7
321.58
317.15
319.14
320.03
319.57
320.38
316.93
314.59
315.49
312.87
310.29
311.17
316.76
319.29
320.71
320.84
320.38
315.04
308.47
303.96
302.08
303.18
303.86
299.7
300.2
294.93
294.26
296.65
297.56
299.58
301.78
299.85
300.84
299.78
299.1
298.76
293.66
290.86
289.53
290.31
289.36
289.86
292.42
294.55
297.85
301.23
300.76
301.79
302.23
300.76
297.93
298.34
297.19
298.27
301.83
303.36
303.26
304.56
303.61
303.77
300.78
299.76
299.29
296.65
294.64
294.81
294.57
295.78
297.36
297.42
295.41
291.59
290.44
289.65
289.69
283.62
279.85
281.25
279.49
276.81
278.6
277.85
277.5
276.14
274.55
273.04
275.18
274.86
273.17
271.12
269.57
271
273.08
277.13
279.51
278.92
279.94
281.26
281.28
283.05
284.55
284.69
285.49
284.47
284.62
285.67
286.07
283.91
282.49
282.05
282.15
280.57
280.51
279.94
278.92
276.42
275.35
276.01
275.58
274.51
275.63
276.21
276.54
276.68
276.57
277.06
278.6
277.63
280.97
284.45
287.9
287.27
287.63
287.68
287.63
286.85
286.29
286.86
287.21
286.49
284.41
280.2
278.82
277.35
275.61
273.18
269.23
268.43
266.43
266.16
264.01
258.64
257.81
253.96
251.69
254.04
250.57
252.43
252.73
251.84
251.33
249.96
249.16
247.09
251.44
254.32
251.55
252.57
253.5
255.54
253.86
252.24
249.16
249.66
249.01
249.74
250.67
250.25
251.05
253.37
251.65
252.74
252.49
250.77
249.98
249.3
249.1
251.01
251.63
250.78
249.8
248.88
248.51
245.74
243.94
242.84
243.45
241.79
242.56
244.01
243.88
245.59
245.48
245.35
243.93
244.06
243.9
245.93
246.9
247.44
250.26
253.01
252.55
250.89
251.35
252.42
252.6
252.91
250.57
248.87
249
248.68
246.12
244.61
243.15
240.8
239.58
235.39
235.23
232.61
231.93
232.82
235.9
238.75
238.43
239.49
239.89
240.35
238.12
237.04
237.78
235.62
235.64
236.82
237.87
238.35
239.75
241.11
240.85
238.88
237.2
238.32
239.65
237.91
238.29
237.83
236.72
236.99
236.25
234.82
234.22
234.67
233.69
233.5
232.23
230.89
229.37
227.06
225.73
225.3
227.06
229.3
228.95
229.7
233.35
238.87
246.24
249.27
249.09
248.02
250.33
252.43
251.35
250.63
249.7
250.33
250.37
250.22
253.33
253.86
254.12
254.78
253.29
254.37
254.81
254.56
254.64
251.39
250.61
252.22
251.68
250.53
251.8
251.45
253.34
255.6
255.39
253.99
253.01
253.13
252.68
250.8
250.01
250.23
250.29
249.94
247.86
246.1
244.81
245.2
245.46
244.56
244.09
243.29
244.7
246.2
247.7
247.3
247.1
249.8
251.2
250.6
250.6
250.8
249
247.4
246.5
247.5
247
248
248
248.4
250.5
249.8
249.5
249.5
249.3
247.8
247
246
245.1
242.9
243.2
243
245.3
244.9
252.3
250.7
243.5
242.4
240.9
240.8
238.7
238.9
239.3
250.2
238.8
238.5
238.1
239
238.5
243.3
245.4
244.5
244.8
245.8
246.6
245.4
245.9
247.1
245.9
246.4
246.1
245.9
246
247.3
250.7
252.2
255.5
257.8
260.2
261.2
263.1
266.4
268.4
270.7
272.3
274
275
276.2
278.6
278.7
278.4
280.8
282.6
284.5
287.1
288.4
287.4
286.6
288.3
288.4
287.7
286.9
287.3
287
286.2
284
285
284.1
284.2
287.2
287.1
287.1
285.5
283.2
282.4
281.2
281.4
278.2
277.5
278
277.1
278.9
278.8
279
278.9
276.3
276.2
277.6
278.2
279.2
280.3
279.7
277.9
277.4
276.5
276.6
278.8
280.1
280.6
281.1
282.3
283.3
283.1
282.8
281.8
282.6
283.1
284
284.1
282.1
280.6
279.6
279
280.3
279.9
280.9
281.1
283.3
287.5
288.1
287.7
288.5
289.8
291.7
294.5
293.9
293
292.2
292.1
290.9
290.6
289.9
290.8
290.6
291
291.8
291.9
291
290.7
290.5
289.7
286.9
288
287.4
287.9
288.2
287.4
288.7
290
292.3
293.4
295.3
296.2
296.5
296.9
297.3
298.6
297.8
297.2
298.5
300.5
302.4
303
305.2
307.8
306.9
307.8
306.8
306.2
303.7
304.4
304.6
300.9
300.6
301.3
304
304.5
302.1
300.2
298.2
298.7
299.1
298.3
297
297.6
297.6
296.5
295.6
296.4
297.7
296.9
296.7
296.3
296
297
297.3
297.7
296.6
295.6
295.3
296.2
296.1
294.5
291.4
289.9
287.2
285.4
281.1
281
283.6
284.4
286.1
284.1
281.8
280.2
280.3
281.8
281.2
281.4
280.5
278.3
277
278.3
279.4
281.8
284.3
285
286.7
288.3
288.4
287.7
288.5
289.8
290.6
289.5
289.2
291.1
292.3
292.5
294.1
294.2
295.3
296.7
297.5
300
302.3
304.4
303.9
305.2
306.2
306.1
306.9
307
309.3
310.8
309.8
310.5
313
314
313
313.1
316.7
318.2
316.6
316.9
317.3
318.9
320.6
324
325.2
323.3
322.5
322.7
323.1
321.6
320.2
320.3
322.8
323.1
324.9
325
325.7
326
329.7
328.1
323
324.4
324.2
324.8
328.2
330
330.7
329.5
328.5
326.8
326.7
328.9
330.2
332.6
334.7
334.3
335.8
337.5
337.9
338.9
340.8
342.2
344
344.9
346.3
347.9
350.2
352.4
352.1
353.1
355.65
355.3
354.9
355.3
358.1
359.5
359.8
362
359.8
361.5
362.2
363.9
367.4
369.7
370.4
371.8
370
371.5
371.7
372.7
372.6
370.7
369.3
370.6
373.3
374.7
374.2
374.1
374.5
372.2
369.1
373.1
374.2
377.2
378.9
380.8
381.7
387.6
390
390.1
391
390.5
389.1
391.5
392.3
391.4
389.2
383.2
381.7
383.2
386
386.3
385.3
387.4
389.1
388.1
386.7
387.3
385.6
384.7
383.7
385.3
386.1
389.6
391.9
394.9
397.2
398
400.2
399.4
399.5
399.1
400
400.3
394.7
392.8
395.4
396.5
399.6
398.5
396.3
395.2
396.4
396.9
396.8
398.9
402.2
402.9
403.6
405.5
407.6
409.5
411.2
401
390.7
393.4
392
391.6
384.8
378.7
379.7
381.6
381.1
379.5
379.9
379.9
378.7
379.8
374.8
372
370.8
371.4
370.7
366.7
366.8
364.7
365.1
365.8
369.9
373.3
376.9
379.5
380.2
379.3
378.8
380.9
381.2
381.5
379.3
380.5
381.7
382.4
382.9
380.1
378.9
381
378.4
372
369.6
366.8
353.3
346.8
345.9
343.7
346.9
348.6
349.4
352.6
353.4
354.5
351.5
351.6
347.8
350.7
352.3
352.6
352.8
353.2
352.4
352.9
353.1
353.5
354.1
353.8
355.7
356.4
355.7
353.5
353.1
353.9
356.2
356.7
356.6
357.2
358.5
361.1
360.8
361.1
361.9
362.1
361.2
361
360
361.3
361.2
358
358.5
357.1
352.6
349.8
352.2
354.7
356.1
357
358.2
359.6
357.9
360.7
363
364.1
363
361
359
359.1
357.7
355.9
353
353.8
352.3
351.4
352.2
351.3
348.8
349.6
349.9
348
347.3
348.8
353.2
361.2
366
372.4
377.5
380.7
385.5
386.4
390
392.6
389.9
392.6
392.1
389.6
393.2
392.2
388
390.8
392
391
392.1
397.2
399.4
403.1
405.6
406.9
405.8
403.5
408.3
409.2
412.5
418.2
417.1
417
417.2
415.2
417.4
421
422.9
425
423.9
423.6
426.7
429
429.5
426.8
429.4
431.4
432.5
432
430.9
434.8
434.9
437
439.6
438
438.1
437.5
438.7
436.6
427.1
430.1
428.3
432.1
437.4
437.6
434
434.9
432
430.9
423.7
413.2
416
419.5
417.7
418.6
418.2
417.4
412.6
409.7
411.9
414.2
417.8
418.4
418.5
422.4
422.4
422.6
423.2
422.2
420.5
421.9
422.7
418.9
413.5
408.2
406.6
408.5
407.4
411.4
412.6
414.4
416.5
415
413.6
415.9
417.4
417.8
419.4
421.7
422.8
423.4
425.4
425.4
427.5
428.4
429
429.1
429.3
428
427.3
427.2
426.7
426.5
424.7
424.5
425.9
425.1
424.6
424.9
425.6
426
426.5
431.1
431.2
433.2
434.1
431.6
429.4
429.3
427.6
429.1
428.9
430
431.2
433.6
434.9
433.1
432.8
436.3
440.8
443.6
446.3
449.4
449.2
451.6
451.6
451.7
446.8
448
452.8
455.2
453.8
455.1
455.3
455.8
453.3
455
452.5
448.9
448.4
446.5
437.6
439.2
443.5
446.2
445.5
441.9
440.9
440.8
440.9
436
437.9
440.7
441.2
441.9
442.3
442.2
444.3
448.5
451.6
453.6
447.5
444.6
440
438.4
433
434.8
428.3
422.5
406.3
360.2
327.8
351.9
336.1
328.5
298.9
296.3
291.9
307.1
323.3
328.3
320.7
320.1
326.2
326.4
320.4
315.2
317.8
324
323
322.4
316.8
318.2
313.9
312.5
313.1
316.7
317.8
316.5
305.2
305.2
305.2
298.8
292.9
294.8
298
302
300.8
302.6
309.4
312.7
319.3
319.5
326.9
328.7
327.3
331.5
333.2
325.6
325.5
329.7
330.5
338.5
344.1
346.7
349.7
338.5
336.2
332
332.7
334.2
340.1
340.5
340.4
333.7
334.3
337.6
340.5
339.2
339.8
342.4
344.7
346.2
347.2
343.7
344.7
345.8
344.5
345
349.3
351
353.3
354.7
355.3
355.6
357.1
360
361.1
363.1
363.6
363.4
367
367.3
370.4
372
373.4
374.5
376.9
380.3
376.8
375.5
376.7
376.6
378.5
380.7
381.6
378.6
379.8
380.1
375.6
372.5
370.4
373
371.8
374.6
371.9
373.4
377.7
378.9
381.8
382.5
383.4
383.4
374.5
373.9
375.1
376.9
374.2
373.2
374
375.3
377.8
378.7
378.8
379.2
379.7
382.2
381.6
379.5
379.4
376.3
375.4
369.2
370.2
372.5
373.4
372.3
367
366.3
366
363.3
365.2
365.7
367.3
366.7
370.3
374.8
374.7
376.9
379.3
379.3
383.4
384.6
386.3
386.8
388.5
389.1
387.1
386.9
386
387.8
390.5
391
391.6
389
391.7
391.7
394.7
394.7
396.1
395.5
395.4
394.3
394.2
393.5
393.6
394.7
395
394.8
391.3
391.6
388.9
387.4
387.1
385.8
383.3
384.1
387.3
388
387.8
388.5
388.9
387.7
387.7
384.2
378.5
379.1
379
374.1
375.7
376.2
377.2
377.4
373.7
373.5
376
374
374.4
376.2
376.5
376.6
373
376.5
377.3
378
379.7
381.6
382.1
382.4
383.9
382.7
383.9
383.4
384.1
384.9
384.9
385
382.8
382.2
383.3
386.1
387.7
384.5
384.2
384.5
385.2
385.7
385.5
385.3
382.6
383.5
384.6
385
386.3
385.8
388.6
388.6
387.2
386.1
385.2
381.8
382.8
382.5
382.4
381.8
382.8
381
376.5
378.8
377.7
378.4
373.8
372.4
372.1
367.8
367.4
367.6
365.1
365.4
367.8
366.4
366.1
368.2
371.5
373.9
373.9
375.6
377
376.4
375.2
375.2
374.2
373
372.8
373
375.8
376.4
376.1
375.6
376.5
377.3
376.6
376.8
379.1
381.4
378.6
382.8
383.8
384.7
385.3
384.6
385.3
387
387.1
387.4
386.1
388.9
391.1
391.7
390
392
394
397.1
398
399.2
401.3
403.2
405.2
406.4
406
409.2
408
406.4
402.4
401.3
402
404.2
405.7
407.2
406.4
402.5
403.1
400
398.9
399.7
399.8
402.5
404
406.3
406.2
406.4
405.7
405.9
406.6
406
407
409.5
402.2
398.5
401.8
400.6
400.9
400.6
402.6
403.7
404.6
406.7
407.7
407.2
408.3
408.2
410.7
411.1
413.5
415.7
413.9
417.7
417.8
420.7
421.9
421.5
423.8
423.2
422.7
423.4
426.2
427.6
427.5
428
428.8
429.2
430.7
429.3
429
429.6
430.6
434.8
436.2
435.7
438.5
439.8
442.1
441.8
440.2
441.5
442.9
445.2
444.2
446.2
448.3
451.6
447.8
448
453.2
454
453.7
453.4
450.7
450.6
447.1
447.2
446.1
444.6
443.9
445.3
448.4
447.3
448.6
444.9
437.9
435.3
436
436.9
439.6
442.4
442.7
444.5
446.8
447.9
448.9
449.9
447.9
451.2
449.2
449.3
446
446.5
449.1
452.5
452.8
453.8
453.3
454.1
456.9
457.4
461.7
463.3
462.4
463.6
462.5
460
460.9
460.8
460.8
462
458.3
458.4
461.7
465.9
466.8
467.2
466.6
468.3
469.3
471.3
471.4
469.3
469.7
471.3
470.4
471.9
471.8
468.8
467.6
466.9
467.1
466.7
467
468.1
466.7
467.8
467.8
471.1
472.9
475.2
477.3
479.3
480.7
483.6
485.7
484.1
482.2
482.2
467.3
461
459.9
463.3
470.8
470.7
467.2
461.7
462.9
458.2
452.8
451.4
455.6
456.6
453.1
453
448
449.4
454.1
454.1
456.2
455.9
454
455.8
455.3
456.7
455.7
454.1
455.1
456.6
456.2
456.7
455.8
456.1
457.1
458.3
458.6
456.7
456.3
456.2
452.4
450.4
451.1
447.5
443.8
436
434.4
436.9
441.1
444.6
445.3
448.8
450
454.8
459.3
460.9
459.4
458.2
458.7
456.8
450.7
448.9
439.7
436.6
440.2
438.7
437.5
440.9
431.9
430.4
425.7
425.2
421.3
418.1
410.7
415.8
417.8
422.2
424.7
424
426.8
427.3
428.8
426.4
425.8
426.6
429.6
429
423.8
421.5
422.8
419.5
421
422.6
425.8
427.2
431
430.2
432.3
432.5
436.5
436.8
436.6
434.6
436.2
438.1
442.2
442.9
440.1
439.3
434.5
437.3
438.8
439.5
436.7
435.4
435.5
433.2
437.7
435.4
433.42
430.9
430.2
431.9
433.5
436.3
436.7
435.4
431.5
429
425.8
420.1
419.2
420.6
421.1
418
420.1
421.9
423.6
425.4
428.6
431.2
431.8
431.3
433.2
438.1
441.6
442.5
442.9
445.7
448.3
452.9
453.9
456.9
458.3
453.7
457.5
458.8
459
462.1
465.6
464.6
465
464.1
460.9
462.8
466.6
468.9
467.1
467.6
460.8
460.5
460.8
461.3
459.3
455.6
455.4
456.9
460.4
462.3
462
461.8
459.2
460.5
461.7
461
463.9
467.2
468.4
469.6
464.5
460.8
458.2
455.3
444.6
442.6
445.5
445.4
442.6
439.4
438.2
435.9
428.9
417.5
400
402.1
407.7
413
408
408.3
410.3
411.5
402.3
393.5
388.6
379.7
374.8
360.2
367.3
381.3
382.9
381.8
378.7
381.2
381.7
382.4
378.8
380.4
381.7
379.5
380.3
376.2
374.4
374.1
372.2
371.7
364.4
362.3
352.2
354.8
350
341.2
344.5
354.7
356.4
351.5
349.9
347.4
348.1
339.1
333.3
325.6
327.6
329.5
325.4
326.8
334
337.4
341.1
341.1
341
339.7
334.4
330.8
329.8
329.8
330.6
336.5
340.8
340.5
336.8
336.4
342
351.5
352.9
356.9
354.5
350.9
352.7
348.3
348.8
349
348.9
354.1
355.1
355.8
359.1
361.3
364.1
370.9
372.3
371.5
371.5
368
370.4
371.5
368.8
365.7
370.2
371.2
372.3
373.6
372.4
372.4
371.1
371.2
373.8
372.2
367.5
367.2
360.2
359
357.5
361.9
361.8
355.8
357.3
365.2
375.8
377
379.7
379
383.9
391.3
394.3
396.8
400.6
408.5
414.2
417.7
424.8
432.2
439.2
435
436.8
444.1
444
448
444.3
448.7
450.3
446
446.4
449
451.1
447.7
450.8
453.1
456.7
461.1
473.1
473.8
475.74
475.11
467.15
461.4
468.18
467.79
466.29
466.27
462.81
466.09
464.6
464.15
468.49
478.57
482.37
482.3
480.86
491.2
495.05
497.57
495.79
495.65
492.46
490.76
499.31
501.62
500.84
506.75
511.31
506.62
501.19
494.38
496.08
498.45
496.03
494.64
487.74
484.72
487.85
491.13
492.1
491.48
491.51
492.51
497.81
493.42
493.93
488.79
478.08
481.77
481.38
480.1
483.6
487.29
489.6
492.67
497.17
499.05
503.19
506.11
507.1
507.25
505.2
502.94
498.54
495.85
496.62
491.05
491.14
495.07
494.32
491.59
485.36
485.88
485.82
475.23
473.3
473.08
476.24
475.92
481.31
478.78
474.32
474.05
479.51
483.64
487.17
488.37
492.71
496.19
493.6
493.42
496.8
497.55
494.99
489.65
487.42
490.28
492.69
493.35
498.27
502.04
504.15
505.67
502.61
505.2
507.46
509.39
508.31
510
514.4
517.68
515.67
512.47
497.64
502.05
517.97
518.3
521.06
521.38
521.75
526.29
526.39
525.68
520.91
517.92
516.93
516.94
518.07
511.28
514.76
521.13
516.71
515.68
515.17
518.55
522.67
527.19
524.69
526.47
527.82
526.94
524.48
526.88
528.51
526.33
520.51
520.4
516.2
517.25
513.81
515.94
519.05
525.66
534.11
540.94
536.27
538.9
536.96
537.14
535.17
528.75
525.13
529.41
534.51
541.32
542.98
540.93
537.5
538.82
539.48
545.28
548.08
550.71
555.68
556.17
554.84
531.29
534.73
523.47
526.12
530.33
526.46
522.88
522.23
522.78
523.9
530.91
533.34
535.28
534.03
536.3
535.35
534.23
531.64
536.02
540.9
543.73
539.7
539.84
534.53
535.76
543.9
549.56
559.3
565.71
579.75
586.34
586.45
592.65
597.9
602.29
610.32
619.8
615.7
617.63
625.75
630.82
627.34
626.85
619.38
604.87
620.68
622.86
624.68
621
621.29
616.31
621.37
620.21
623.43
631
636.97
637.67
634.95
634.13
633.37
644.92
639.1
636.43
626.41
622.41
632.23
629.75
624.93
621.4
632.4
633.95
633.47
635.47
634.25
630.29
621.97
615.95
615.82
623.46
617.14
615.92
618.62
617.94
623.27
624.94
625.96
624.28
621.83
618.68
619.48
615.4
604.67
602.07
603.77
602.09
593.82
590.01
596.29
581.61
573.68
586.75
584.24
588.15
594.81
600.03
591.81
577.2
575.05
578.23
576.05
572.89
566.94
560.33
569.94
578.68
578.14
583.54
588.07
589.36
587.16
585.76
587.13
583.96
582.38
576.46
574.43
576.53
578.05
580.29
579.1
580.3
575.65
577.35
580.49
585.31
588.37
589.18
589.93
588.26
585.43
582.01
573.8
569.71
567.68
569.52
569.01
564.07
553.24
549.17
554.2
549.73
553.36
551.39
548.2
547.84
558.8
563.6
568.99
563.35
563.17
557.41
557.57
564.75
567.8
570.22
575.21
575.47
576.19
570.52
564.28
568.63
563.88
565.24
565.61
564.73
571.63
577.49
578.8
580.83
582.36
581.32
576.87
574.02
573.74
573.14
571.6
570.85
570.99
573.18
572.47
570.87
567.61
567.86
563.7
555.39
554.22
558.8
563.27
563.56
563.12
565.61
571.25
574.88
573.44
571.17
574.89
581.24
583.01
594.21
587.86
585.89
587.82
589.12
588.58
583
582.96
585.93
577.2
575.34
577.63
583.27
578.33
571.63
565.21
570.55
569.2
573.88
570.52
573.84
576.44
576.22
578.64
582.61
590.67
592.7
597.15
597.12
597.3
598.92
596.95
601.39
605.82
605.17
607.57
604.58
605.52
614.08
616.82
622.05
627.76
634.92
634.37
637.16
634.01
627.07
634.86
638.57
642.6
638.84
645.94
648.33
649.49
652.73
653.95
652.91
656.36
661.6
666.53
667.12
663.92
658.93
655.79
654.73
650.75
649.63
658.46
661.29
662.46
660.84
662.96
665.88
666.25
669.01
671.85
676.95
671.8
674.34
681.85
678.21
677.21
682.4
679.45
686.78
695.7
697.15
698.13
696.81
697.44
700.77
701.63
706.95
707.16
697.9
694.67
696.34
701.77
705.12
708.67
708.85
700.98
698.44
692.21
695.02
695.88
690.54
665.39
659.43
662.45
663.61
652.42
651.4
662.46
667.07
670.77
669.51
677.72
683.92
680.73
681.37
687.23
688.96
692.87
694.28
692.78
695.21
695.47
687.4
687.41
682.72
676.62
675.04
674.36
681.01
681.54
680.76
686.25
690.13
686.64
669.85
670.71
664.14
668.88
666.33
673.12
673.83
673.94
670.32
666.78
663.03
661.97
664.04
663.51
658.41
645.87
652.52
658.16
658.45
661.42
666.71
678.16
683.26
680.04
681.44
682.82
683.06
681.69
675.64
676.37
677.96
680.78
690.43
697.43
694.29
694.69
695.04
704.09
704.59
700.53
704.28
705.86
706.22
702.01
694.61
687.74
689.24
688.05
693.19
696.41
697.34
696.25
695.94
689.59
688.74
686.77
684.79
688.72
694.81
702.84
701.07
703.95
703.59
704.49
702.22
698.79
702.71
705.81
707.67
708.47
712.49
708.69
699.73
695.83
701.9
700.08
695.52
700.24
704.54
701
705.59
707.24
704.7
707.66
709.01
713.79
715.5
718.08
718.49
717.08
718.77
717.12
718.26
726.89
731.01
734.83
730.48
730.96
730.86
735.14
733.66
731.39
734.07
737.38
742.84
746.15
748.65
749.71
739.35
730.73
737.71
744.31
740.32
732.64
739.55
739.8
740.11
740.21
733.56
745.54
752.26
754.65
759.95
763.66
763.17
762.78
763.23
764.84
762.27
764.77
762.49
764.27
767.65
772.46
778.97
785.41
787.42
782.91
768.71
768.25
771.28
772.68
769.75
765.46
771.88
773.49
779.26
783.77
785.66
772.95
757.26
762.99
766.21
769.84
776.5
778.98
779.32
772.45
771.69
762.36
754.34
751.56
738.13
746.82
753.18
754.87
751.54
754.39
763.81
766.73
772.22
771.09
769.35
767.89
761.49
760.74
759.72
751.47
752.97
755.53
759.23
760.15
755.63
756.07
758.7
761.06
764.56
768.48
771.08
776.8
770.76
774.28
778.05
780.41
782.94
786.69
785.52
786.87
787.81
792.31
792.18
793.02
789.28
793.03
794.28
790.65
786.39
788.8
792.88
796.53
800.47
797.24
799.57
797.79
777.28
779.2
782.7
786.53
783.42
781.39
785.45
790.12
792.62
790.24
788.85
791.15
789.11
779.44
783.78
792.5
788.64
783.47
784.58
790.55
795.05
792.12
793.05
789.09
789.2
792.8
793.52
798.99
803.85
803.93
797.3
796.34
797.51
786.68
783.45
772.5
755.29
744.91
743.46
727.41
750.95
750.72
755.17
748.71
748.11
739.22
727.38
727.31
727.97
720.45
712.85
705.52
718.74
722.56
730.8
734.21
731.69
733.84
740.68
739.37
740.3
740.55
732.86
722.96
725
717
719.61
716.92
711.91
711.52
721.9
727.31
726.7
724.95
731.47
732.07
731.64
733.14
735.19
735.52
739.5
742.38
743.43
739.3
729.79
728.88
734.25
731.7
735.98
735.84
734.97
729.35
718.85
708.79
712.74
700.85
693.79
702.68
702.05
704.01
705.96
706.85
703.59
701
706.53
707.46
706.83
709.59
719.35
721.56
721.36
722.62
719.32
712.77
715.03
716.68
716.88
715.66
712.13
712.43
722.16
724.85
724.8
723.69
720.18
718.67
720.47
722.61
728.2
728.2
731.61
732.89
735.51
742.66
742.17
742.43
742.29
747.98
751.72
754.8
762.94
763.21
766.46
765.62
758.95
759.23
759.48
764.28
769.3
763.73
760.01
765.83
768.61
778.66
777.91
776.72
766.74
760.71
760.44
757.46
755.63
755.37
760.01
759.34
764.29
760.88
747.3
746.28
744.19
749.96
756.81
765.57
767
767.89
767.08
765.78
764.81
770.62
768.24
765.38
761.21
758.26
763.24
767.47
776.15
777.49
772.19
771.82
772.1
766.08
762.31
767.54
767.25
764.38
762.12
768.14
769.02
769.64
765.84
764.67
757.74
741.21
736.7
742.52
745.73
751.48
750.32
740.61
745.02
745.71
741.23
734.27
719.12
719.05
719.12
719.49
725.67
730.68
729.07
727.89
728.51
737.12
739.34
742.19
746.19
742.46
749.53
751.96
743.58
745.84
745.66
749.69
752.09
756.52
755.74
756.51
762.16
768.16
772.14
772.38
768.55
762.05
759.51
763.2
760.98
757.56
758.91
751.83
755.2
758.31
763.64
772.06
778.85
778.97
783.77
785.44
790.43
789.42
790.62
795.63
793.31
786.97
784.62
787.93
791.35
791.08
784.5
793.73
791.87
793.68
798.79
797.77
791.33
795.81
796.24
802.22
802.31
808.24
807.38
809.34
808.33
810.49
809.78
809.1
811.39
818.66
822.63
826.14
819.16
816.86
817.21
818.05
813.72
816.32
813.8
814.69
821.26
824.83
828.53
832.64
830.82
825.74
816.55
819.01
823.44
828.91
831.28
836.91
840.95
843.98
841.63
841.79
850.26
846.75
843.53
849.29
848.17
847.62
853.83
858.94
863.06
868.25
871.93
864.06
864.57
871.18
879.64
877.98
877.32
871.87
858.7
864.58
868.82
872.97
882.85
879.4
881.58
886.13
884.38
887.98
894.23
895.72
902.68
908.65
922.09
929.83
929.19
940.09
938.87
926.98
919.56
920.52
926.81
933.45
934.53
941.82
952.93
969.76
976.63
970.22
988.63
994.15
999.33
1005.89
988.53
952.87
960.57
961.77
978.57
993.75
1000.18
1010.66
1005.28
1001.21
991.11
983.75
982.7
991.09
995.22
997.12
1005.1
1000.61
1004.11
1012.44
1012.37
1025.75
1029.24
1031.28
1019.7
1025.29
1028.19
1020.93
1019.97
1008.15
1003.64
1012.61
1020.11
1019.47
1039.3
1044.28
1051.08
1060.03
1066.56
1065
1067.4
1066.96
1051.1
1050.18
1060.32
1065.09
1058.51
1053.39
1046.15
1038.05
1026.54
1047.05
1043.54
1027.57
1020.45
1002.27
1014.2
1012.04
984.74
983.47
1001.57
1015.63
1018.38
1018.13
1035.44
1045.37
1046.97
1039.53
1036.92
1039.24
1026.47
1017.57
1025.55
1039.69
1036.06
1040.5
1057.32
1065.66
1062.14
1043.9
1047.94
1065.59
1063.87
1058.46
1040.62
1041.85
1044.48
1045.03
1029.47
1024.99
1021.24
1030.17
1029.32
1050.05
1057.57
1059.2
1055.31
1069.79
1065.89
1061.73
1053.17
1062.41
1061.5
1052.07
1056.54
1038.19
1030.48
1002.56
1026.41
1025.27
1040.64
1046.89
1049.37
1048.13
1042.22
1052.13
1058.65
1046.26
1029.82
1033.47
1032.37
998.81
990.21
1011.1
1008.23
988.57
995.87
998.3
1007.24
1018.45
1029.44
1028.04
1043.46
1035.95
1040.96
1042.51
1051.3
1059.79
1069.46
1072.11
1083.34
1089.08
1084.88
1093.17
1094.6
1095.38
1087.22
1088.03
1090.54
1090.71
1083.24
1096.85
1117.11
1117.79
1113.05
1106.17
1107.55
1100.05
1086.08
1084.88
1096.81
1091.82
1093.12
1063.73
1080.5
1073.05
1088.64
1091.07
1099.59
1114.42
1112.5
1101.82
1099.79
1102.22
1087.09
1088.35
1093.88
1094.83
1101.4
1106.57
1111.29
1115.85
1118.21
1105.66
1109.15
1105.28
1097.14
1100.94
1110.44
1124.92
1120.87
1136.3
1138.7
1153.5
1166.76
1176.83
1184.17
1186.89
1188.2
1190.52
1199.66
1178.33
1184.6
1186.31
1182.67
1183.43
1187.82
1202.76
1221.87
1234.49
1233.56
1239.31
1241.88
1248.11
1244.42
1247.38
1248.65
1247.8
1236.3
1225.63
1233.48
1243.43
1238.73
1243.68
1249.15
1232.52
1229.76
1230.04
1230.76
1235.47
1225.65
1213.18
1207.64
1183.08
1179.27
1167.34
1175.44
1182.9
1172.58
1153.29
1166.01
1185.02
1197.45
1191.15
1181.6
1158.35
1148.82
1153.59
1141.19
1106.36
1103.49
1060.19
1053.47
1086.65
1109.82
1097.68
1081.39
1049.07
1042.37
1062.39
1079.44
1066.47
1071.95
1080.59
1098.85
1124.92
1120.53
1128.87
1141.11
1137.51
1137.27
1138.27
1126.15
1133.51
1134.69
1133.65
1130.91
1124.67
1126.84
1143.96
1143.05
1139.22
1149.02
1153.88
1145.03
1141.5
1142.29
1143.82
1125.66
1139.39
1148.71
1149.43
1153.95
1165.81
1188.67
1193.96
1203.31
1205.71
1212.09
1219.69
1211.47
1215.27
1224.66
1227.98
1230.05
1226.92
1221.51
1236.11
1233.09
1247.56
1250.87
1240.15
1237.98
1236.97
1248.27
1256.36
1258.1
1250.99
1241.96
1242.48
1236.41
1220
1227.88
1227
1222.6
1215.89
1203.05
1206.23
1221.51
1221.78
1220.48
1229.07
1245.49
1254.14
1257.51
1262.67
1256.53
1260.72
1270.36
1261.8
1254.57
1262.62
1264.94
1258.08
1274.36
1280.37
1281.2
1287.32
1292.61
1299.82
1300.37
1297.02
1300.12
1287.68
1316.27
1312.55
1309.12
1298.33
1284.91
1260.98
1266.32
1285.38
1295.86
1288.56
1279.52
1287.63
1294.57
1291.38
1287.75
1291.03
1280.7
1310.68
1316.4
1327.73
1320.35
1326.2
1332.02
1330.91
1346.36
1333.53
1340.46
1349.05
1364.28
1376.97
1388.06
1378.37
1363.83
1352.81
1354.37
1355.17
1371.02
1379.85
1376.05
1373.75
1348.44
1346.4
1357.71
1335.34
1331.51
1358.96
1370.81
1367.19
1365.79
1365.58
1347.4
1334.32
1345.08
1347.69
1340.55
1312.66
1309
1311.18
1317.37
1329.09
1315.43
1311.8
1322.72
1316.76
1304.13
1293.28
1292.97
1279.43
1269.34
1249.29
1259.26
1254.07
1242.64
1248.06
1269.08
1249.51
1221.7
1216.93
1201
1213.76
1236.73
1251.35
1257.37
1249.43
1235.77
1206.9
1216.41
1212.88
1210.27
1217.07
1222.57
1203.95
1212.74
1227.14
1228.1
1209.29
1217.03
1242.63
1260.76
1270.5
1305.33
1339.24
1328.3
1322.91
1330.83
1335.05
1344.19
1333.59
1335.55
1353.58
1340.73
1341.24
1363.88
1373.75
1372.6
1389.72
1409.21
1410.18
1403.04
1400.32
1404.79
1384.91
1379.67
1390.05
1404.84
1412.04
1401.69
1407.85
1411.32
1423.03
1431.95
1443.11
1432.43
1447.14
1447.1
1434.32
1452.43
1446.24
1436.38
1438.15
1442.07
1438.25
1455.61
1467.61
1470.74
1485.1
1486.63
1490.93
1502.62
1523.88
1542.11
1580.63
1568.85
1547.99
1536.23
1563.86
1567.65
1569.13
1569.58
1563.53
1572.32
1588.05
1593.81
1594.33
1605.45
1621.53
1630.44
1624.18
1598.52
1586.74
1576.24
1583.4
1586.69
1562.03
1569.52
1600.71
1628.7
1607.36
1598.69
1601.57
1591.3
1595.54
1581.32
1587.32
1618.09
1618.24
1624.63
1635.77
1645.35
1656.22
1639.25
1639.86
1649.33
1634.92
1668.6
1666.47
1670.02
1680.36
1689.45
1697.36
1687.41
1678.89
1682.24
1694.98
1685.69
1690.3
1702.41
1715.87
1721.91
1737.27
1741.77
1745.85
1739.03
1742.12
1732.79
1723.37
1699.66
1666.85
1685.45
1712.54
1708.08
1671.25
1650.92
1532.75
1603.02
1602.75
1570.41
1593.61
1629.98
1631.15
1637.33
1623.44
1602.4
1590.72
1584.86
1541.71
1559.25
1583.51
1614.11
1600.44
1601.22
1626.56
1620.75
1586.99
1589.04
1594.5
1600.55
1630.72
1606.37
1615.13
1613.42
1633.9
1651.54
1620.55
1596.61
1558.54
1536.58
1536.56
1553
1547.37
1523.19
1524.74
1532.06
1509.91
1499.53
1511.38
1537.45
1565.03
1570.35
1581.53
1594.12
1580.14
1561.7
1555.54
1503.22
1507.58
1541.63
1548.76
1547.06
1562.88
1590.14
1587.92
1576.51
1575.93
1561.46
1578.9
1610.82
1619.49
1619.36
1652.89
1666.34
1680.44
1676.9
1694.35
1690.43
1709.04
1708.55
1714.34
1710.42
1703.43
1715.73
1727.01
1728.13
1751.76
1738.71
1766.48
1777.11
1770.51
1758.54
1757.14
1759.7
1711.92
1753.49
1725.16
1748.51
1756.85
1764.06
1771.66
1788.18
1779.3
1788.28
1799.98
1789.16
1792.51
1812.44
1824.51
1828.54
1823.62
1818.7
1835.68
1847.66
1852.96
1855.4
1829.14
1798.71
1807.01
1820.24
1824.95
1843.03
1863.26
1858.24
1866.6
1887.14
1903.87
1917.61
1881.39
1868.96
1820.31
1831.77
1851.64
1868.41
1873.44
1878.86
1864.91
1856.68
1835.14
1864.37
1848.07
1860.16
1866.18
1865.36
1846.77
1831.62
1845.87
1831.75
1820.99
1805
1778.09
1781.1
1794.62
1778.87
1746.82
1761.79
1742.31
1769.95
1782.92
1787.77
1800.76
1773.25
1749.75
1745.05
1715.75
1753.12
1776.4
1772.7
1781.29
1805.82
1844.57
1877.76
1863.25
1869.53
1891.08
1894.74
1914.46
1894
1909.47
1908.11
1935.39
1939.82
1943.04
1965.53
1968.41
1994.54
2000.56
2008.76
2014.25
1979.14
1969.75
1935.22
1930.99
1933.26
1896.53
1881.49
1919.58
1872.39
1851.1
1785.64
1788.2
1829.51
1846.77
1839.21
1792.7
1825.53
1802.54
1790.19
1818.04
1855.12
1842.69
1832.45
1797.61
1790.82
1798.17
1768.13
1686.41
1639.68
1499.25
1575.09
1592.85
1571.86
1566.52
1660.86
1624.55
1585.33
1641.64
1665.69
1678.11
1689.91
1646.25
1663.77
1680.43
1697.8
1760.27
1720.34
1743.59
1739.22
1734.05
1693.84
1612.33
1614.98
1536.69
1510.89
1462.61
1419.12
1492.49
1546.08
1509.45
1540.97
1611.01
1620.95
1648.73
1639.19
1674.75
1702.64
1693.86
1724.98
1717.63
1737.35
1757.19
1771.39
1800.91
1788.43
1823.57
1837.1
1856.56
1861.05
1865.62
1862.11
1851.06
1847.99
1861.68
1878.52
1897.44
1919.68
1928.21
1977.42
1965.88
1985.21
2016.44
1949.54
2003.75
1995.21
1954.33
2003.16
2040.64
2034.75
2050.42
2015.96
2029.31
1966.92
2012.6
2009.36
2043.88
2086.14
2138.03
2120.98
2172.54
2163.04
2180.3
2181.77
2166.95
2192.69
2208.05
2251.27
2320.86
2326.09
2344.41
2384.59
2320.75
2316.81
2276.82
2348.2
2408.17
2415.49
2344.72
2338.88
2369.31
2433.41
2407.14
2477.34
2505.89
2510.09
2463.42
2493.41
2410.07
2373.62
2404.92
2310.79
2309.5
2405.55
2321.89
2313.87
2248.91
2260.55
2283.6
2342.01
2376.35
2339.38
2326.82
2288.03
2295.18
2259.03
2265.2
2292.89
2337.11
2397.62
2392.94
2406
2412.25
2381.53
2431.44
2439.27
2428.97
2462.96
2421.27
2395.94
2322.84
2365.28
2434.8
2419.17
2492.84
2480.29
2461.4
2493.37
2560.06
2563.17
2544.43
2573.39
2593.05
2598.81
2583.5
2507.28
2521.77
2484.04
2345.61
2409.64
2489.08
2561.61
2590.69
2652.05
2602.41
2550.37
2528.44
2542.86
2535.58
2485.12
2534.45
2472.28
2503.62
2526.39
2566.68
2606.54
2582
2527.86
2561.84
2558.36
2577.4
2542.23
2520.14
2453.66
2380.9
2427.18
2419.15
2470.52
2412.03
2432.41
2403.32
2478.34
2524.21
2474.56
2519.35
2484.62
2447.88
2398.31
2414.67
2517.83
2544.15
2563.44
2630.28
2580.26
2598.12
2553.99
2552.65
2602.44
2642.11
2686.12
2706.18
2741.02
2736.78
2743.04
2771.86
2793.07
2790.44
2778.23
2818.13
2839.37
2864.48
2830.29
2732.18
2761.77
2684.44
2692.4
2619.19
2679.33
2705.84
2640.01
2638.49
2623.63
2587.99
2540
2565.83
2547.97
2518.98
2490.11
2564.98
2549.49
2637.81
2645.28
2671.23
2657.73
2621.43
2648.33
2719.57
2752.37
2805.6
2774.62
2758.9
2712.69
2739.35
2750.8
2734.24
2843.11
2837.26
2808.74
2852.02
2887.06
2844.77
2868.29
2814.17
2806.72
2869.62
2886.15
2821.1
2858.16
2749.83
2740.41
2761.75
2756.25
2730.27
2746.16
2736.85
2795.97
2799.67
2857.21
2860.7
2886.57
2915.95
2872.43
2801.27
2806.84
2731.83
2689.15
2688.18
2788.13
2801.95
2816.52
2815.95
2811.47
2802.52
2875.22
2966.43
2967.65
2981.63
3028.51
3055.95
3102.29
3143.97
3125.04
3155.96
3197.29
3221.15
3219.54
3295.52
3269.39
3347.11
3369.25
3392.56
3342.87
3420.5
3447.81
3421.37
3336.16
3353.71
3452.78
3520.63
3546.01
3586.92
3586.08
3594.17
3620.24
3658.17
3571.66
3621.95
3715.06
3753.06
3783.87
3911.15
3937.3
3969.44
3975.38
3972.11
4041.46
4036.87
4069.31
4131.15
3901.69
3877.54
3727.13
3882.62
4049.67
3921.19
3850.02
3957.21
4064.27
4130.81
4151.29
4189.51
4235.4
4096.08
4167.41
4069.91
4039.56
3887.07
3940.35
4051.98
4073.96
4210.98
4244.14
4321.77
4427.5
4363.24
4485.63
4395.45
4418.55
4420.77
4427.65
4548.92
4411.74
4382.12
4550.33
4617.65
4590.5
4577.85
4696.69
4784.08
4754.51
4914.79
4904.85
4847.84
4897.26
5046.86
5048.62
4907.24
4706.63
4582.62
4717.39
4798.13
4610
4711.68
4864.75
4940.61
4963.03
4958.56
4833.89
4644.67
4457.89
4572.83
4223.68
4148.89
4169.22
4267.56
4446.45
4188.2
4055.9
3769.63
3676.78
3321.29
3539.16
3793.57
3706.41
3643.88
3482.48
3711.23
3630.09
3774.03
3860.66
3958.08
3785.45
3707.31
3720.24
3816.82
3669.38
3585.01
3384.73
3499.58
3529.06
3607.65
3717.57
3644.96
3538.71
3390.4
3364.21
3164.55
3270.61
3205.35
3205.11
3459.48
3400.91
3582.5
3813.38
3821.76
3756.37
3839.26
3825.56
3874.84
3767.91
3851.06
3797.41
3845.74
3860.56
3989.83
4013.36
4064.01
3936.84
3845.34
3912.12
3858.96
3940.34
3877.23
3966.11
3991.93
3863.1
3960.57
4023.2
3980.29
3956.42
4099.59
4174.86
4246.18
4274.67
4177.17
4055.63
4184.56
4094.45
3981.57
4029.57
3987.72
3842.23
3663
3766.99
3685.52
3658.46
3759.88
3787.36
3862.99
3848.55
3853.5
3759.99
3789.47
3849.69
3851.66
3861.2
3940.87
3930.34
3953.15
3958.21
4011.01
4053.28
4042.68
4070.59
4082.17
4103.81
4206.35
4234.33
4143.18
4013.34
4098.35
3978.41
3896.35
3849.51
3893.89
3913.86
3835.23
3726.52
3865.64
3897.44
3828.87
3803.76
3741.22
3689.1
3656.3
3778.32
3672.82
3568.9
3455.83
3523.1
3472.1
3361.01
3355.56
3240.54
3168.49
3074.68
3316.77
3290.28
3213.96
3171.56
3418.6
3483.14
3468.69
3419.79
3229.57
3272.18
3278.36
3191.4
3369.63
3333.39
3429.02
3451.58
3416.21
3415.79
3231.7
3200.35
3028.99
2966.72
3138.27
3165.49
3031.88
3027.19
2875.64
2871.45
2755.34
2904.38
2880.49
2734.98
2706.93
2597.93
2645.29
2615.75
2889.8
2796.5
2752.66
2917.43
3015.1
2931.77
2822.77
2728.51
2653.27
2624.52
2511.71
2332.78
2340.12
2517.02
2493.52
2539.35
2557.76
2470.52
2291.86
2616.69
2566.83
2407.65
2395.92
2441.3
2524.18
2640.57
2626.5
2618.55
2682.78
2768.49
2770.38
2757.91
2840.39
2859.15
2754.28
2781.3
2838.34
2838.35
2772.73
2782.79
2660.5
2643.21
2664.49
2607.82
2562.06
2470.97
2489.66
2427.72
2491.4
2552.91
2425.38
2318.35
2268.94
2244.96
2262.51
2308.5
2207.82
2151.83
2183.37
2117.63
2142.92
2204.43
2223.92
2168.73
2052.78
1923.38
2014.78
1972.09
1940.71
1890.91
1951.18
1857.44
1830.23
1897.7
1928.68
1918.49
1972.23
1854.13
1820.57
1840.26
1782.97
1673
1638.8
1785
1720.36
1745.71
1852.03
1898.95
1961.43
1909.57
1923.22
2079.44
2182.14
2163.41
2059.32
2016.61
2059.8
2034.88
2075.68
2116.24
2168.24
2220.6
2146.2
2191.53
2173.57
2198.77
2156.63
2128.86
2107.43
2081.92
2085.58
2166.44
2193.68
2198.88
2305.59
2313.85
2243.48
2282.02
2251.03
2175.54
2084.5
2110.49
2149.44
2155.93
2233.66
2217.73
2264
2215.1
2170.78
2169.95
2121.66
2044.07
2028.43
1988.63
1992.66
2031.24
2058.76
2034.84
2050.87
2064.62
2074.74
2125.46
2160.54
2148.72
2140.8
2080.11
2004.16
2026.71
1962.79
1972.04
2075.74
2084.79
2029.12
2067.32
2016.17
2046.59
2029.37
1988.56
1959.24
1984.32
2022.96
2029.07
2017.84
2027.13
2068.38
2087.38
2066.33
2034.26
2027.79
1966.36
1963.32
1956.47
1982.25
1964.53
1918.89
1930.32
1867.01
1881.35
1831.3
1860.01
1842.97
1916.8
1912.41
1864.98
1843.17
1791.68
1805.43
1770.78
1759.01
1705.64
1687.7
1695.38
1579.55
1555.08
1527.8
1470.93
1423.19
1499.4
1501.64
1464.04
1460.71
1498.8
1480.46
1492.33
1580.81
1597.31
1605.3
1605.95
1570.19
1626.26
1701.47
1703.4
1696.31
1722.07
1646.34
1652.72
1671.31
1708.08
1704.44
1731.54
1775.47
1768.96
1699.52
1667.41
1690.2
1746.3
1745.73
1793.65
1835.08
1837.53
1827.77
1828.48
1840.13
1892.11
1903.19
1900.57
1898.58
1934.42
1880.51
1875.05
1903.2
1941.23
1935.97
1887.97
1933.26
1930.58
1904.9
1963.1
2046.84
2054.27
2021.26
1992.12
2001.93
2011.38
1946.51
1953.17
1987.45
2004.76
1982.89
1918.54
1945.83
1944.48
1960.7
1976.42
1987.26
1950.4
1979.25
2044.27
2059.38
2037.1
2055.74
2044.89
2047.24
2022.46
1990.74
2000.91
1944.44
1985.82
1930.34
1882.53
1922.38
1942.58
1937.7
1943.91
1892.99
1913.44
1934.03
1911.24
1855.53
1838.52
1812.71
1782.11
1818.88
1846.66
1834.21
1859.16
1843.37
1805.2
1750.61
1775.57
1716.24
1724.54
1769.88
1766.86
1751.88
1731.49
1802.74
1859.32
1866.29
1890.4
1881.63
1929.67
1929.49
1897.12
1862.03
1854.14
1868.3
1877.06
1880.87
1832.87
1868.83
1851.39
1812.49
1824.17
1826.75
1845.35
1862.62
1804.4
1784.35
1789.75
1770.03
1785.87
1742.57
1767.07
1725.24
1756.19
1753.78
1816.79
1810.67
1802.43
1796.83
1758.68
1730.29
1713.34
1713.7
1663.89
1656.93
1688.23
1677.53
1644.82
1613.03
1578.48
1573.82
1696.29
1650.49
1600.85
1652.54
1719.05
1725.56
1730.44
1741.39
1701.59
1664.18
1673.45
1697.63
1661.49
1652.17
1624.39
1631.92
1615.73
1562.56
1578.12
1595.26
1554.88
1535.48
1530.69
1497.18
1519.12
1496.88
1504.74
1553.29
1542.96
1496.83
1464.75
1440.96
1460.34
1423.99
1429.33
1459.2
1463.21
1403.8
1357.82
1380.17
1448.36
1405.61
1381.12
1346.01
1374.43
1373.5
1382.62
1375.26
1397.25
1356.95
1319.15
1282.65
1229.05
1290.23
1240.08
1262.12
1335.25
1344.19
1328.26
1280
1247.92
1206.01
1259.55
1280.9
1316.52
1306.12
1306.84
1269.28
1334.3
1345.01
1361.01
1394.54
1376.59
1409.25
1422.95
1380.62
1391.74
1347.78
1314.38
1335.77
1314.85
1263.84
1292.31
1251
1295.3
1304.6
1320.09
1315.45
1279.68
1291.4
1275.88
1259.94
1252.13
1216.45
1221.09
1184.93
1182.17
1222.29
1221.61
1199.16
1172.06
1213.72
1187.3
1165.56
1139.9
1119.4
1129.22
1114.11
1163.37
1210.47
1220.53
1282.44
1232.42
1272.29
1287.86
1309.67
1292.8
1320.23
1298.71
1331.13
1315.83
1300.54
1326.73
1329.75
1360.7
1396.54
1401.17
1418.99
1376.71
1359.28
1319.19
1349.56
1361.33
1411.52
1411.14
1393.69
1374.51
1419.35
1467.55
1468.74
1481.9
1444.43
1487.94
1478.78
1484.78
1448.96
1430.35
1410.75
1422.44
1367.14
1390.76
1396.59
1399.55
1362.42
1400.33
1392.05
1361.51
1354.1
1363.05
1381.69
1372.47
1367.89
1348.31
1339.54
1335.51
1384.85
1387.08
1421.32
1431.57
1401.07
1438.46
1447.72
1446.04
1460.99
1438.8
1423.75
1376.19
1364.25
1359.48
1388.27
1342.14
1325.27
1342.18
1358.06
1322.35
1320.91
1323.79
1306.15
1301.5
1301.73
1282.47
1296.68
1295.46
1278.97
1277.44
1310.17
1346.54
1334.32
1331.23
1349.02
1322.38
1328.98
1303.68
1323.94
1337.52
1320.29
1307.77
1314.4
1302.89
1305.29
1278.37
1271.47
1279.24
1340.77
1340.33
1392.27
1400.55
1397.07
1402.77
1421.84
1369.78
1391.01
1387.45
1384.25
1369.6
1341.17
1348.3
1396.72
1396.58
1383.51
1389.51
1382.94
1356.74
1365.61
1358.85
1384.95
1391.01
1394.72
1425.5
1424.37
1451.36
1466.16
1457.23
1434.54
1462.24
1471.3
1464.31
1472.56
1502.88
1504.04
1523.71
1506.76
1489.69
1520.15
1541.4
1539.68
1534.9
1551.38
1538.53
1492.77
1491.09
1489.87
1507.55
1510.09
1556.69
1563.24
1574.95
1595.91
1590.75
1603.56
1634.65
1646.01
1627.42
1603.97
1627.67
1646.02
1653.62
1626.49
1666.58
1668.44
1677.14
1648.64
1644.72
1610.75
1605.61
1602.66
1634.01
1625.26
1622.8
1640.13
1678.73
1663.46
1720.71
1746.46
1747.46
1715.86
1733.93
1754.82
1753.21
1747.97
1698.02
1708.5
1681.41
1706.1
1719.18
1701.42
1730.7
1735.36
1731.37
1720.91
1735.02
1715.62
1714.06
1673.5
1652.68
1652.18
1644.03
1661.51
1687.01
1686.61
1700.34
1702.01
1739.49
1761.11
1760.54
1777.55
1765.32
1764.31
1770.65
1782.13
1800.18
1810.45
1841.48
1852.9
1868.97
1858.24
1888.62
1873.43
1823.81
1846.09
1855.03
1845.7
1887.25
1883.1
1909.55
1905.7
1874.62
1901.72
1843.7
1817.24
1792.07
1824.56
1786.94
1832.25
1836.22
1880.57
1893.46
1907.85
1893.78
1911.9
1915.31
1933.53
1943.19
1939.1
1950.14
1912.36
1925.14
1940.9
1898.07
1885.51
1865.59
1882.91
1932.26
1936.56
1932.69
1932.21
1967.7
1957.97
1959.37
1976.37
1970.74
1941.64
1930.75
1973.11
1967.35
1930.26
1909.61
1881.75
1899.65
1881.92
1893.88
1947.14
1943.04
1953.31
1960.26
1989.82
1980.07
1960.25
1968.8
1937.82
1948.85
1908.32
1904.65
1942.32
1949
1918.26
1924.29
1921.33
1956.18
1951.02
1955.8
1974.78
1969.23
1973.14
2006.48
2009.88
2003.37
2006.68
2047.36
2057.37
2077.68
2100.25
2086.92
2111.78
2096.44
2111.13
2109.08
2140.46
2147.98
2142.45
2119.01
2123.87
2153.83
2116.04
2077.37
2068.23
2066.15
2063.15
2066.21
2014.14
2019.56
2064.01
2060.57
2075.33
2089.66
2073.61
2053.56
2080.35
2076.47
2045.96
2037.93
2007.52
2005.44
2022.98
2032.57
2029.82
2057.8
2039.65
2033.36
2055.11
2047.63
2008.78
1995.16
1964.15
1943.89
1984.73
1939.2
1943.09
1976.76
1962.44
1940.47
1909.9
1901.8
1909.48
1967.17
1960.02
1992.57
2000.63
1994.22
2015.01
2057.17
2079.12
2059.9
2050.24
2052.88
2065.48
2030.08
2024.85
2002.17
1995.74
2020.43
1978.63
1995.63
2032.91
2049.77
2036.77
2032.53
1989.54
1958.78
1920.15
1938.72
1950.48
1957.26
1937.74
1917.96
1896.07
1931.35
1925.59
1926.03
1904.25
1876.64
1897.82
1898.17
1896.59
1912.09
1922.98
1964.65
1976.15
1984.5
1986.74
1990.77
1988.98
1960.26
1978.62
2020.62
2023.53
1990.61
1999.87
1969.99
1995.6
1998.23
1983.67
1986.73
1974.38
1994.15
2020.98
2015.57
2025.47
2019.82
2034.93
2047.79
2015.55
2006.66
1963.43
1966.08
1935.32
1946.33
1936.92
1931.66
1914.88
1912.71
1883.15
1883.83
1917.07
1874.37
1889.06
1849.09
1839.02
1869.1
1858.26
1881.06
1887.36
1892.09
1859.42
1855.06
1821.63
1776.89
1774.64
1808.7
1782.42
1752.49
1757.22
1782.84
1795.25
1831.37
1819.89
1838.02
1838.7
1836.89
1860.72
1852.92
1862.09
1836.49
1838.1
1850.41
1873.43
1844.48
1858.56
1850.64
1869.65
1894.31
1910.38
1915.4
1896.52
1904.08
1910.09
1908.07
1921.18
1885.71
1886.43
1879.48
1859.88
1869.87
1893.94
1896.84
1942.2
1952.4
1955.5
1971.03
1948.52
1919.97
1928.76
1925.17
1920.53
1903.02
1911.5
1936.52
1922.9
1932.97
1953.62
1915.14
1914.04
1928.79
1969.99
1975.74
1974.99
1979.87
1984.79
2004.33
2023.63
2038.94
2039.25
2043.33
2034.56
2061.27
2085.34
2094.09
2078.62
2099.68
2104.28
2070.63
2085.19
2084.28
2102.54
2101.97
2106.87
2096.81
2138.23
2143.57
2147.96
2151.25
2114.66
2126.11
2129.01
2128.07
2148.5
2159.84
2162.55
2146.15
2135.2
2127.85
2150.91
2157.03
2160.62
2154.22
2177.19
2177
2178.34
2175.44
2152.15
2107.86
2091.24
2090
2088.61
2097.04
2079.62
2092.53
2070.56
2087.91
2106.04
2073.59
2045.88
2034.27
2008.7
2019.95
2046.09
2047.15
2035.83
2062.41
2068.7
2075.06
2057.64
2086.66
2082.03
2086.68
2052.55
2053.1
2076.66
2082.91
2089.21
2087.43
2061.34
2058.62
2030.32
2031.25
2051.7
2065.4
2051.72
2071.25
2067.5
2058.4
2070.61
2090.21
2073.55
2061.29
2059.72
2041.6
2051.04
2034.98
2015.75
2016.42
2007.79
2007.51
1989.34
1990.22
1991.06
1992.52
1973.88
2005.67
1999.23
1984.81
1991.07
1999.32
1999.14
2018.79
1999.35
1992.12
2005.4
1974.37
1946.71
1908.15
1912.92
1932.36
1913.76
1962.41
1932.19
1950.78
1927.44
1930.43
1904.18
1921.65
1928.65
1933.07
1962.23
1961.8
1967.35
1979.67
1962.77
1971.55
1963.88
1976.78
1994.43
2004.15
2030.65
2042.58
2046.42
2056.65
2061.62
2050.12
2071.24
2075.73
2068.22
2087.86
2097.8
2071.43
2075.76
2067.16
2060.18
2076.91
2063
2068.96
2069.04
2074.92
2089.15
2090.11
2088.13
2091.07
2092.03
2070.66
2053.27
2045.2
2069.89
2068.89
2056.96
2057.37
2078.75
2068.65
2075.66
2112.88
2135.43
2143.15
2144.11
2152.82
2156.78
2144.87
2173.18
2188.57
2178.6
2179.74
2166.74
2175.99
2186.22
2198.44
2184.83
2195.38
2218.15
2216.81
2191.32
2177.91
2164.39
2174.19
2157.81
2174.55
2156.9
2167.04
2137.06
2145.15
2136.08
2135.56
2141.41
2137.25
2128.91
2134.37
2120.77
2137.65
2129.76
2152.09
2147.9
2141.07
2166.86
2172.03
2166.03
2175.51
2182.83
2171.75
2149.33
2146.15
2160.35
2145.26
2131.33
2106.64
2110.78
2116.84
2121.46
2116.42
2115.4
2141.22
2151.69
2155.43
2139.36
2103.02
2084.08
2090.35
2078.92
2061.09
2037.47
2047.22
2064.83
2070.3
2056
2091.24
2068.11
2082.21
2115.83
2109.45
2100.05
2063.81
2089.88
2120.3
2114.05
2144.31
2160.22
2169.43
2178.24
2172.07
2175.81
2196.68
2202.47
2200.95
2186.74
2187.93
2220.46
2227.07
2241.67
2253.56
2259.98
2263.01
2239.37
2232.71
2232.82
2267.17
2273.37
2257.64
2260.76
2252.01
2246.46
2256.73
2260.95
2265
2262.59
2260.63
2252.48
2222.74
2222.42
2231.66
2246.49
2249.42
2226.89
2228.94
2218.16
2205.32
2243.74
2263.46
2276.87
2305.62
2318.69
2320.32
2331.36
2316.69
2317.04
2302.69
2279.64
2301.81
2247.7
2248.47
2265.25
2260.65
2283
2304.23
2306.78
2305.82
2310.56
2281.57
2262.58
2258.8
2244.96
2266.98
2255.87
2261.88
2239.81
2262.17
2276.43
2294.63
2282.36
2262.96
2283.17
2279.32
2287.04
2307.18
2281.39
2314.64
2311.11
2302.6
2286.03
2268.38
2267.46
2249.72
2262.04
2267.03
2295.9
2311.84
2299.56
2306.48
2314.11
2294.23
2303.35
2300.15
2312.82
2315.58
2304.46
2337.78
2340.82
2339.79
2336.74
2345.36
2359.75
2361.17
2339.02
2333.27
2310.35
2314.68
2326.11
2311.16
2356.14
2370.88
2362.55
2342.86
2333.38
2330.3
2333.63
2344.95
2322.57
2304.79
2309.84
2303.97
2323.9
2342.57
2344.99
2338.25
2320.74
2272.7
2243.78
2238.52
2229.13
2195.8
2180.32
2193.88
2172.86
2158.76
2169.17
2198.24
2210.37
2164.74
2178.88
2219.86
2219.41
2169.62
2162.78
2151.8
2145.32
2135.06
2091.32
2072.47
2086
2144.15
2129.95
2110.42
2107.06
2141.2
2122.98
2121.47
2133.67
2100.25
2111.84
2174.38
2172.09
2190.43
2153.34
2155.09
2130.06
2116.93
2128.86
2090.24
2054.11
2037.35
2037.72
2043.22
2080.71
2039.42
2020.39
2061.84
2073.9
2070.46
2054.47
2094.14
2091.47
2061.99
2078.81
2092.34
2085.05
2072.5
2060.85
2060.28
2071.74
2057.71
2069.04
2115.01
2149.54
2157.61
2163.95
2147.75
2150.02
2134.66
2137.11
2140.29
2160.7
2172.3
2185.73
2183.75
2193.16
2205.7
2167.84
2155.29
2165.79
2173.25
2215.82
2227.67
2228.73
2235.59
2235.75
2222.37
2252.89
2237.75
2218.93
2249.07
2261.34
2263.39
2270.02
2258.43
2237.6
2243.65
2290.95
2306.34
2299.99
2311.77
2315.43
2308.27
2346.18
2357.29
2363.84
2344.95
2337.15
2340.94
2342.3
2355.56
2344.84
2356.59
2379.1
2350.62
2363.77
2366.71
2334.35
2334.02
2330.79
2365.95
2375.88
2384.94
2376.01
2389.72
2406.38
2430.66
2442.75
2449.06
2445.86
2452.72
2454.84
2465.98
2460.26
2405.92
2412.61
2432.23
2431.77
2413.21
2448.39
2452.38
2445.86
2427.69
2437.36
2442.86
2431.6
2432.41
2453.85
2457.2
2435.57
2429.55
2427.61
2415.85
2401.18
2413.51
2431.22
2425.57
2415.29
2423.16
2453.43
2434.25
2438.2
2443.83
2459.33
2484.85
2502.82
2497.78
2479.42
2443.21
2451.31
2431.07
2431.41
2466.28
2434.24
2435.49
2441.09
2448.64
2463.93
2468.38
2475.88
2470.6
2471.49
2490.5
2488.67
2459.82
2450.38
2459.88
2488.38
2497.1
2496.31
2513.04
2518.42
2524.94
2515.1
2504.52
2407.86
2416.15
2404.21
2368
2340.68
2385.14
2374.64
2387.73
2387.55
2402.29
2350.57
2371.74
2378.7
2372.66
2394.41
2408.21
2455.92
2451.74
2448.93
2455.63
2437.43
2417.1
2417.88
2421.64
2422.26
2450.33
2458.69
2471.34
2469.18
2477.61
2459.31
2480.32
2491.94
2518.33
2516.95
2510.5
2505.35
2526.39
2523.67
2524.54
2547.89
2554.46
2557.21
2525.09
2531.53
2557.84
2565.46
2572.15
2570.95
2571.75
2576.34
2533.74
2562.22
2546.44
2525.29
2547.42
2539.38
2558.45
2578.79
2588.02
2577.05
2537.92
2557.19
2572.06
2592.59
2604.52
2613.92
2618.29
2611.23
2587.18
2541.38
2573.54
2572.15
2549.77
2582.31
2599.41
2626.71
2626.6
2626.76
2599.96
2616.96
2588.96
2577.08
2574.16
2605.35
2608.37
2603.23
2632.3
2644.95
2656.65
2666.51
2670.02
2639.16
2651.79
2701.73
2707
2697.33
2712.29
2699.49
2720.04
2687.6
2690.58
2639.86
2648.17
2599.34
2562.24
2583.28
2546.27
2553.87
2575.98
2511.25
2547.33
2561.6
2612.98
2556.49
2544.89
2542.24
2499.12
2458.83
2451.07
2505.03
2508.59
2521.3
2552.8
2541.7
2576.69
2561.25
2500.64
2563.16
2565.3
2596.36
2630.24
2605.95
2614.32
2565.7
2559.11
2597.47
2592.07
2601.06
2602.18
2581.66
2651.66
2666.48
2654.29
2671.22
2667.95
2683.45
2699.03
2709.59
2701.5
2740.99
2747.11
2729.43
2733.57
2780.32
2787.37
2803.91
2811.61
2772.2
2805.68
2780.05
2763.91
2792.67
2799.31
2725.16
2753.93
2799.26
2774.76
2750.86
2804.19
2817.44
2816.71
2859.12
2794.83
2810.38
2795.18
2825.18
2748.76
2696
2627.94
2584.13
2673.65
2644.32
2618.51
2637.24
2593.38
2596.81
2562.15
2596.6
2540.99
2580.8
2662.91
2668.13
2660.96
2637.13
2619.83
2666.36
2709.03
2706.16
2718.95
2652.35
2671.14
2668.49
2635.74
2574.46
2596.03
2601.01
2640.86
2691.99
2713.5
2724.41
2676.79
2674.46
2652.28
2609.63
2602.68
2504.65
2499.46
2440.51
2474.55
2488.52
2439.94
2478.3
2417.59
2394.59
2346.9
2340.02
2292.27
2316.41
2360.92
2326.2
2349.91
2358.06
2349
2389.86
2413.36
2382.85
2309.57
2278.75
2293.03
2304.85
2320.06
2320.04
2373.93
2332.54
2321.8
2306.2
2327.1
2299.78
2303.35
2327.48
2344.99
2353.78
2331.57
2271.48
2258.6
2260.28
2272.81
2220.5
2212.49
2169.34
2255.76
2243.87
2263.61
2212.49
2177.01
2268.26
2209.96
2258.11
2326.75
2341.05
2324.36
2280.83
2261.18
2279.1
2362.75
2361.4
2363.3
2370.98
2364.83
2348.76
2322.12
2351.7
2290.24
2275.82
2286.04
2350.11
2341.83
2402.97
2408.04
2376.94
2405.21
2428.92
2422.93
2424.4
2426.1
2412.8
2480.71
2476.99
2464.12
2483.31
2438.49
2451.24
2445.52
2488.49
2495.12
2496.7
2533.73
2528.85
2516.09
2492.26
2448.27
2464.58
2444.67
2481.24
2486.7
2508.32
2522.66
2491.53
2480.48
2503.14
2549.94
2474.56
2459.46
2448.94
2394.01
2404.35
2454.5
2474.78
2457.73
2429.71
2462.06
2406.09
2385.74
2368.28
2401.26
2321.37
2315.63
2292.98
2304.97
2251.46
2245.38
2243.32
2294.44
2234.89
2257.85
2239.08
2212.87
2215.71
2284.85
2312.3
2282.78
2279.53
2303.96
2325.88
2280.11
2310.53
2264.22
2319.62
2329.72
2325.55
2310.96
2285.56
2349.83
2378.37
2355.73
2414.1
2439.95
2430.61
2428.62
2453.67
2452.52
2416.98
2384.36
2389.08
2380.38
2414.71
2365.59
2361.97
2382.46
2411.64
2367.52
2349.24
2333.73
2259.04
2255.88
2269.76
2209.81
2228.7
2258.22
2261.27
2179.91
2207.9
2098.85
2199.1
2273.9
2178.98
2153.33
2155.68
2186.57
2183.34
1983.73
2091.88
2069.4
1976.72
1947.39
1862.96
1754.88
1740.33
1645.12
1649.51
1844.25
1779.01
1628.33
1717.71
1711.29
1770.03
1696.68
1615.75
1603.91
1552.03
1505.9
1649.47
1657.21
1698.52
1720.95
1726.33
1780.12
1681.64
1608.7
1647.4
1616.74
1580.9
1499.21
1596.7
1516.85
1482.05
1483.27
1386.42
1316.12
1384.35
1472.02
1464.73
1532.1
1535.57
1398.07
1449.8
1492.38
1445.56
1509.31
1571.74
1547.34
1565.48
1507.88
1540.72
1508.34
1589.89
1579.31
1552.37
1564.32
1532.35
1521.54
1524.9
1530.24
1510.32
1550.7
1577.03
1632.21
1628.03
1652.38
1599.06
1617.01
1571.59
1538.79
1546.46
1489.64
1511.84
1529.33
1440.86
1507.07
1465.49
1477.29
1489.46
1504.9
1558.34
1507.84
1476.42
1494.43
1516.3
1515.05
1546.24
1591.71
1591.56
1524.73
1530.5
1541.71
1534.36
1470.66
1467.97
1442.82
1441.23
1387.72
1441.83
1425.43
1391.47
1377.84
1322.85
1321.01
1353.74
1299.59
1293.85
1268.64
1358.28
1371.64
1426.1
1431.5
1404.02
1462.11
1491.22
1483.48
1457.27
1555.77
1516.52
1528.95
1587
1545.2
1501.8
1528.59
1551.6
1602.63
1621.87
1606.71
1561.61
1590.66
1652.54
1653.31
1625.72
1626.8
1670.44
1673.07
1608.21
1643.85
1646.12
1652.21
1694.29
1679.41
1673.81
1711.94
1717.3
1719.2
1763.56
1754.12
1759.1
1716.24
1739
1731.24
1715.92
1664.19
1689.21
1680.14
1732.36
1734.54
1727.84
1695.25
1692.01
1750.43
1731.08
1751.79
1774.33
1828.68
1836.8
1825.92
1850.02
1849.42
1842.4
1860.13
1853.08
1862.37
1858.8
1816.38
1796.18
1808.06
1807.72
1827.47
1766.19
1764.92
1792.34
1829.54
1838.22
1844.06
1835.04
1845.72
1796.52
1787.4
1746.17
1747.17
1752.55
1756.03
1793.21
1799.73
1862.9
1885.03
1886.61
1909.29
1916.2
1926.38
1973.6
1965.96
1967.89
1975.51
1967.76
1984.3
1978.5
2008.61
2011.31
1993.05
1973.16
2000.25
1992.24
1969.73
1998.72
2009.35
1985.52
1930.84
1955.92
1969.24
1989.22
2020.9
2017.98
2024.23
2024.43
2027.73
2028.77
2009.06
1968.89
1967.07
1983.2
2018.78
2037.77
2060.39
2084.02
2080.9
2091.78
2102.64
2133.15
2126.75
2132.86
2138.04
2146.3
2131.42
2107.61
2090.92
2130.74
2124.04
2122.42
2057.48
2048.11
2068.15
2103.57
2110.33
2123.93
2139.28
2139.14
2139.89
2172.23
2173.29
2156.8
2176.32
2163.47
2150.73
2165.29
2154.47
2141.85
2116.09
2059.61
2097.55
2045.11
2049.2
2057.32
2055.52
2105.32
2112.44
2154.06
2151.08
2166.9
2149.02
2167.88
2197.85
2203.78
2193.14
2156.82
2146.04
2176.01
2169.18
2176.05
2138.44
2144.6
2175.81
2185.03
2173.14
2194.35
2189.61
2172.99
2183.73
2190.86
2190.31
2212.1
2201.05
2206.91
2180.05
2211.69
2237.66
2252.67
2269.64
2285.69
2291.08
2288.4
2291.28
2269.15
2308.42
2308.71
2301.09
2300.05
2317.17
2312.41
2282.31
2307.9
2316.74
2287.99
2320.4
2291.25
2265.7
2205.29
2210.8
2203.73
2221.41
2179
2147.35
2171.2
2190.06
2190.91
2125.43
2141.12
2126.05
2150.87
2147.87
2177.41
2183.53
2214.19
2226.29
2241.71
2243.87
2242.03
2213.44
2235.9
2234.22
2238.26
2273.57
2280.79
2280.68
2292.31
2326.35
2332.21
2340.68
2358.95
2368.46
2367.66
2362.21
2378.01
2389.09
2391.28
2374.41
2395.4
2415.24
2398.76
2397.41
2395.13
2404.36
2410.69
2397.96
2402.58
2429.53
2436.81
2431.16
2436.81
2454.05
2457.87
2465.99
2504.86
2515.69
2481.26
2480.11
2500.31
2504.61
2519.07
2530.15
2522.95
2471.47
2471.73
2511.92
2461.19
2498.74
2424.25
2402.29
2319.64
2265.64
2374.67
2375.31
2425.02
2394.36
2346.85
2354.23
2317.26
2298.37
2204.01
2229.04
2213.55
2210.95
2195.88
2277.68
2257.04
2222.33
2281.07
2303.03
2219.17
2173.9
2170.57
2158.85
2218.71
2243.6
2243.96
2305.88
2305.93
2307.16
2309.8
2289.09
2261.8
2254.23
2217.42
2223.48
2220.65
2135.18
2109.24
2101.36
2091.79
2093.88
2159.47
2175.4
2196.45
2198.36
2242.03
2249.84
2249.08
2179.05
2198.23
2222.49
2187.33
2245.89
2269.47
2296.43
2288.25
2264.56
2251.69
2254.7
2295.36
2283.52
2303.57
2293.06
2288.47
2305.69
2277.17
2208.63
2190.27
2173.48
2181.87
2209.44
2215.7
2178.95
2179.76
2159.63
2123.76
2141.54
2118.69
2153.63
2119.97
2114.03
2176.84
2200.01
2233.75
2208.89
2228.87
2236.2
2242.48
2285.71
2289.77
2301.32
2303.25
2315.61
2355.83
2349.35
2334.55
2327.08
2381.22
2369.77
2379.59
2376.56
2368.62
2370.75
2344.52
2399.83
2380.66
2383.67
2401.91
2402.33
2417.92
2441.23
2435.38
2468.77
2480.66
2436.95
2457.39
2459.67
2479.39
2490.85
2497.29
2503.26
2507.37
2507.41
2504.84
2533.52
2540.27
2577.34
2578.98
2580.05
2562.98
2578.78
2555.52
2518.21
2513.82
2469.84
2476.01
2514.4
2518.12
2532.02
2494.95
2543.12
2534.56
2525.22
2498.23
2549.43
2579.35
2591.46
2594.92
2598.49
2609.16
2616.67
2637.54
2624.91
2627.72
2617.22
2637.31
2642.97
2649.56
2667.61
2671.48
2665.6
2667.27
2662.88
2666.93
2662.98
2652.87
2691.52
2681.25
2702.2
2709.89
2703.17
2707.8
2716.83
2737.33
2735.29
2755.3
2765.85
2725.36
2704.29
2689.54
2717.55
2719.25
2739.5
2755.28
2686.89
2700.08
2751.19
2749.56
2753.88
2769.3
2783.99
2797.05
2789.07
2790.45
2809.44
2817.18
2804.35
2825.56
2831.58
2833.95
2756.42
2722.99
2737.9
2781.05
2782.27
2737.41
2748.07
2798.74
2784.67
2745.63
2765.77
2751.72
2701.02
2715.61
2700.97
2667.33
2616.82
2636.05
2643.67
2692.09
2683.87
2698.3
2736.42
2743.06
2730.68
2756.89
2776.79
2781.07
2789.6
2789.19
2791.19
2799.82
2796.14
2780.42
2771.51
2744.79
2761.52
2760.22
2764.65
2735.38
2744.97
2802.51
2820.16
2825.88
2847.54
2869.88
2872.53
2873.54
2864.08
2841.62
2828.23
2814.72
2827.56
2843.25
2871.89
2845.06
2863.04
2828.47
2782.31
2783.21
2815
2823.31
2803.32
2758.9
2746.16
2761.38
2782.92
2796.86
2835.3
2769.19
2773.31
2732.78
2702.56
2701.56
2675.38
2684.87
2643.73
2639.69
2678.72
2631.46
2623.7
2616.48
2629.66
2687.26
2669.19
2686.75
2652.89
2688.28
2729.31
2740.49
2773.52
2816.03
2825.77
2834.02
2872.66
2859.81
2802.62
2781.91
2796.92
2762.67
2789.8
2765.11
2826.52
2814.23
2834.43
2858.83
2842.8
2839.96
2764.79
2766.25
2756.38
2744.61
2669.24
2693.07
2556.39
2532.41
2357.69
2482.52
2381.05
2492.68
2507.98
2555.2
2523.45
2511.48
2380.43
2341.84
2345.38
2446.06
2467.69
2419.63
2479.85
2562.11
2576.11
2579.46
2546.04
2480.33
2473.83
2548.94
2529.14
2467.99
2495.09
2532.15
2572.55
2607.07
2622.31
2612.83
2590.24
2538.19
2455.67
2483.23
2516.69
2546.83
2491.58
2480.76
2415.4
2335.83
2404.82
2460.51
2506.82
2479.35
2566.05
2583.03
2604.73
2620.24
2667.85
2614.92
2657.43
2604.04
2598.62
2637.46
2699.44
2638.42
2650.67
2738.63
2737.15
2684.41
2606.96
2639.98
2697.97
2686.15
2695.25
2727.49
2621.65
2625.15
2678.75
2657.22
2686.2
2639.61
2587.99
2572.5
2523.14
2521.28
2460.08
2441.51
2527.34
2515.51
2620.34
2626.2
2626.93
2655.76
2649.56
2649.21
2596.38
2646.85
2612.26
2579.27
2539.31
2541.01
2555.33
2523.14
2603.73
2577.97
2599.45
2618.64
2625.2
2589.98
2613.74
2605.15